Node1 	Node2 	Distance	 Time	 Settled
209956	148291	2147483647	12	209
177361	67048	2147483647	4	212
158115	149764	2147483647	6	102
155142	160484	3641	7	39
52880	305102	2147483647	7	101
290182	115892	2147483647	10	95
262744	214829	2147483647	11	251
269900	49621	2147483647	11	125
117833	151823	2147483647	10	78
267197	186406	2147483647	7	98
26476	180488	2147483647	763	99
267776	66017	2147483647	1	33
63194	260337	70686	2	109
43227	185283	2147483647	3	93
72600	300135	2147483647	2	169
176070	44958	2147483647	1	212
29658	263257	149475	2	113
225002	170423	2147483647	1	94
172034	158709	2147483647	1	63
281516	104251	2147483647	2	169
57040	39524	18052	2	107
306230	112717	2147483647	1	232
243711	12750	2147483647	2	183
281839	234963	2147483647	1	113
253090	81885	2147483647	1	230
274987	248509	2147483647	2	239
145045	165667	2147483647	1	122
96554	168776	2147483647	1	230
237341	241793	2147483647	1	120
59000	122168	2147483647	1	177
19308	133669	2147483647	1	173
147889	33322	2147483647	1	87
251907	34629	2147483647	2	265
154327	161692	2147483647	1	175
146713	293307	2147483647	0	109
175520	105578	2147483647	1	73
33488	216496	2147483647	2	103
205557	257532	2147483647	1	104
84290	64870	46942	2	259
158490	61706	2147483647	1	158
282744	223716	2147483647	1	73
167518	284188	2147483647	1	173
206901	151755	2147483647	2	166
257944	115573	2147483647	1	186
230300	75632	2147483647	1	197
70607	308651	2147483647	1	152
179547	43761	2147483647	1	44
276395	128136	2147483647	1	83
260060	2604	2147483647	1	196
116179	43717	2147483647	1	89
256469	309702	2147483647	2	123
22390	117004	2147483647	0	5
159261	228273	2147483647	1	223
255886	207077	48979	2	181
119042	258827	2147483647	2	114
212428	191251	2147483647	1	87
184230	195198	2147483647	1	152
186503	220790	2147483647	1	106
88560	244463	2147483647	1	78
212685	22594	2147483647	1	72
129964	131955	2147483647	2	195
25019	294304	2147483647	0	85
35889	35278	8109	1	110
211313	11145	2147483647	1	83
90043	289407	2147483647	1	61
304865	265893	2147483647	1	122
57289	203448	2147483647	1	134
84871	160209	2147483647	1	77
73685	302092	2147483647	1	247
1142	198337	2147483647	1	174
64270	203530	2147483647	1	75
4444	246378	2147483647	1	190
73242	186537	2147483647	2	181
115799	82547	30393	1	72
66635	26603	93446	1	138
290417	147377	2147483647	1	55
75633	84977	2147483647	1	110
127394	145311	35962	1	112
182863	73002	2147483647	1	8
160564	276265	2147483647	0	78
23339	292868	2147483647	1	75
193491	108857	2147483647	1	168
4690	99548	2147483647	1	4
295342	27237	2147483647	0	25
60355	286876	2147483647	2	224
99131	264670	2147483647	1	100
57633	213367	2147483647	1	95
146816	225099	2147483647	0	89
127579	290166	2147483647	1	144
215672	33524	2147483647	2	114
150416	28578	2147483647	1	84
262091	294294	2147483647	1	1
217270	308050	2147483647	1	69
75072	118323	2147483647	5	152
197058	302816	8784	1	163
102216	240888	2147483647	1	204
180719	235410	2147483647	1	152
196581	260173	2147483647	2	209
137541	100810	2147483647	2	189
52643	199027	2147483647	2	185
308481	80770	2147483647	1	104
93110	221928	2147483647	2	181
170788	87400	2147483647	1	40
289102	103320	2147483647	1	129
126856	76588	2147483647	1	101
160967	171656	2147483647	1	174
120588	124235	2147483647	1	78
87232	226568	2147483647	1	187
121626	18997	2147483647	2	172
170502	174888	2147483647	1	21
68397	258543	2147483647	2	193
186927	283523	2147483647	1	78
143013	25496	2147483647	1	168
114156	70994	2147483647	1	98
33975	294894	2147483647	1	80
195852	43687	2147483647	1	134
109671	103181	2147483647	1	160
107082	127471	2147483647	0	100
66028	149095	2147483647	2	215
46190	159674	84384	2	212
223707	20785	2147483647	1	65
81084	36545	2147483647	2	181
73697	213132	23221	1	247
286137	35802	2147483647	1	83
299611	88193	2147483647	2	63
140585	233424	2147483647	1	60
85794	115786	2147483647	2	131
129200	87748	2147483647	1	73
209033	134809	27273	1	146
168925	103829	2147483647	2	225
145851	169626	2147483647	1	109
187926	123391	2147483647	1	25
217343	126596	2147483647	2	139
191537	22078	2147483647	2	212
89136	230314	2147483647	0	79
92017	265895	2147483647	1	184
236268	45551	2147483647	2	184
76536	289748	2147483647	1	87
257523	180427	2147483647	1	101
111263	22655	2147483647	1	67
59810	244689	2147483647	1	192
64389	104203	2147483647	1	59
57609	143637	2147483647	1	97
181636	160349	2147483647	0	134
264635	163844	2147483647	2	254
298260	143531	2147483647	1	90
192719	213136	2147483647	1	57
290201	64464	2147483647	1	121
55549	259197	2147483647	1	124
2271	144746	2147483647	1	127
1919	67222	2147483647	2	232
25948	289121	2147483647	1	108
172137	310640	2147483647	1	42
200908	122924	2147483647	2	165
173823	23111	2147483647	2	109
34335	150811	2147483647	1	101
59434	256770	67141	1	133
107401	81736	2147483647	1	134
32573	105373	2147483647	1	97
633	32498	2147483647	2	213
286181	296676	11252	1	152
93301	152634	2147483647	2	203
106332	194027	2147483647	2	146
113233	292864	2147483647	0	117
204994	137979	30135	1	234
184681	275586	2147483647	1	188
93525	211143	2147483647	1	73
307815	7031	2147483647	1	147
216186	133311	29131	1	58
11254	119516	2147483647	1	142
167382	196428	2147483647	1	92
72854	261490	2147483647	0	3
6647	187532	2147483647	1	29
172176	285872	2147483647	1	76
51455	204440	2147483647	1	90
32133	216060	2147483647	2	136
177201	200914	10211	2	192
36185	128513	2147483647	1	101
290244	16121	2147483647	0	77
132369	200787	41498	2	174
285774	109585	2147483647	1	17
41620	21516	27920	1	202
14349	216131	2147483647	1	116
108722	60271	2147483647	1	152
225030	8799	2147483647	1	180
59972	222356	2147483647	2	177
95969	177890	2147483647	1	191
96595	90684	2147483647	1	110
286367	94444	2147483647	1	17
226874	115750	2147483647	1	68
216150	110844	2147483647	1	73
244275	46889	52754	6	94
216733	40092	2147483647	1	92
103351	93754	2147483647	1	40
225636	296570	2147483647	1	90
278998	98503	2147483647	1	92
237684	74351	2147483647	2	90
19200	18473	52275	1	162
132495	69736	2147483647	1	89
90166	225757	2147483647	1	69
172452	288878	2147483647	1	40
154995	180580	2147483647	1	113
179773	131763	2147483647	2	153
266267	210009	2147483647	1	138
136108	58835	2147483647	1	112
248875	37600	2147483647	1	170
267693	80133	33082	1	217
133455	73791	65059	1	185
66884	23097	2147483647	2	144
139636	80178	2147483647	2	133
134908	133964	24079	1	75
249886	216505	2147483647	1	214
123508	94149	17345	1	110
246720	184468	2147483647	1	79
153950	152638	2147483647	1	200
233756	291766	2147483647	1	287
256296	138168	2147483647	2	86
180644	263140	2147483647	1	2
250268	97319	8372	1	52
10778	111170	2147483647	1	129
217964	203920	1099	1	148
52992	209853	2147483647	2	118
100877	227412	2147483647	1	149
206957	176913	2147483647	0	123
108609	269322	2147483647	2	178
249280	165934	34689	1	26
283889	296739	2147483647	1	88
247885	303017	2147483647	1	118
289299	214144	4493	1	165
306645	127519	2147483647	2	185
30358	148732	2147483647	1	50
266272	208160	2147483647	1	5
4799	260687	2147483647	3	297
28047	236285	2147483647	2	204
249776	8196	2147483647	1	144
271199	102585	2147483647	0	18
256281	180336	2147483647	1	87
304786	115312	2147483647	2	217
64782	119989	2147483647	1	37
84568	153431	2147483647	2	127
71937	202160	2147483647	1	146
303989	10937	6875	2	192
242590	241187	2147483647	1	79
39353	19472	2147483647	1	134
45287	203347	2147483647	1	121
76492	309684	2147483647	2	51
47250	179295	2147483647	1	91
93260	281872	2147483647	2	204
60083	158343	2147483647	1	152
142164	201470	2147483647	1	183
56964	194836	2147483647	2	148
289217	49929	2147483647	1	65
60031	263175	29360	2	201
233923	87067	2147483647	1	106
136223	130281	2147483647	2	111
150338	296063	2147483647	1	111
256524	286536	2147483647	1	165
210758	105316	2147483647	0	109
204156	252698	2147483647	1	89
32155	222487	2147483647	1	119
62818	37193	2147483647	2	130
179949	105420	2147483647	2	128
210666	189608	2147483647	1	82
28383	130256	2147483647	1	121
213221	151612	2147483647	1	147
289207	109754	2147483647	2	138
97111	147432	2147483647	2	182
186889	247308	2147483647	0	118
88860	132713	2147483647	1	66
280443	120328	2147483647	1	121
18392	241566	2147483647	1	132
247161	299730	2147483647	2	164
94598	146924	2147483647	0	68
35423	145559	2147483647	1	105
186615	94926	2147483647	1	77
219551	79177	2147483647	1	111
114965	196947	2147483647	0	111
91876	85990	2147483647	0	136
198459	176745	2147483647	1	91
110205	218093	85224	2	160
261351	117451	2147483647	1	118
154528	245890	3934	2	207
261983	241567	2147483647	0	50
55166	122975	2147483647	2	96
158128	135549	9750	1	109
158154	181466	2147483647	2	115
79745	54566	2147483647	3	232
89106	216988	24843	2	157
312006	137044	2147483647	1	129
141160	131894	2147483647	5	186
137711	177497	2147483647	2	116
260245	266477	2147483647	2	66
5187	163912	2147483647	1	4
216878	45788	2147483647	1	17
127772	181920	2147483647	1	100
201516	311689	2147483647	1	93
278259	294307	4561	2	124
201435	267122	2147483647	1	163
13903	259286	2147483647	1	134
230104	100196	2147483647	1	190
221607	217605	2147483647	1	71
129930	124000	2147483647	1	198
212866	68825	2147483647	2	137
199999	182456	2147483647	1	48
228872	122292	2147483647	1	215
301615	166197	2147483647	1	178
22628	118906	2147483647	1	108
6985	109929	2147483647	2	167
110600	71315	140719	2	229
283058	78524	2147483647	1	88
218613	133357	53168	1	201
112998	166613	2147483647	1	129
230436	47907	2147483647	2	217
1005	99678	2147483647	1	165
282259	197563	2147483647	1	72
123596	63937	2147483647	2	145
173491	132888	2147483647	1	147
14486	10846	2147483647	1	77
287736	4444	2147483647	1	295
57031	37163	2147483647	1	103
155260	209788	2147483647	1	96
174523	77421	2147483647	1	1
221533	156827	2147483647	2	142
276104	40036	2147483647	1	1
17211	147398	2147483647	2	168
144871	198399	2147483647	2	166
69324	309067	2147483647	1	148
159815	254071	2147483647	2	156
158279	160744	20008	1	55
20526	23102	2147483647	2	161
249221	45696	2147483647	3	198
103797	277198	2147483647	1	64
231433	185309	2147483647	3	211
153996	280612	2147483647	0	71
175668	248739	2147483647	2	178
15132	229225	4813	1	170
101151	153560	2147483647	1	225
99345	57094	48466	2	149
134723	150532	2147483647	1	158
180256	187387	11971	0	50
235772	28776	2147483647	2	66
113532	203957	2147483647	1	179
92052	183302	2147483647	2	171
282308	45078	2147483647	1	88
115088	299352	28607	1	116
310489	310021	2147483647	1	69
164966	208516	2147483647	1	2
37565	85646	2147483647	1	118
275398	43411	2147483647	1	3
211385	68930	2147483647	1	95
307236	295524	2147483647	1	31
252356	61527	2147483647	1	129
219879	211470	45121	2	183
155457	9250	2147483647	1	34
265238	195866	2147483647	1	80
133622	154209	2147483647	2	105
144583	300564	2147483647	2	86
61786	211666	2147483647	1	114
150707	221718	2147483647	0	2
125915	45559	2147483647	2	160
224552	146699	14019	2	110
143698	292813	2147483647	2	104
240022	290815	2147483647	1	64
237443	166865	2147483647	1	23
45488	298016	2147483647	1	75
196483	41028	2147483647	1	55
150690	151754	2147483647	1	48
151361	21360	2147483647	1	163
208455	290286	2147483647	0	73
28052	222789	2147483647	2	211
2004	76215	66902	2	131
168149	306516	2147483647	2	167
104752	158561	2147483647	2	152
159768	182786	2147483647	2	172
43805	175074	2147483647	0	105
101073	67974	2147483647	1	226
261069	5118	2147483647	0	5
100594	26286	2147483647	1	145
190795	163987	2147483647	0	54
13233	306806	2147483647	1	92
172441	213160	2147483647	2	36
21197	106560	55362	1	180
204105	304059	2147483647	1	136
161135	287829	2147483647	2	166
59862	302010	2147483647	2	208
249828	50651	2147483647	2	72
57965	91087	2147483647	2	127
93893	30103	2147483647	2	232
48383	117633	46121	1	89
75633	119961	2147483647	1	110
233151	97720	2147483647	1	193
278850	162026	2147483647	1	171
285619	293433	2147483647	2	247
178226	133384	2147483647	1	115
161142	250772	2147483647	1	150
35069	242672	2147483647	1	125
89462	11137	2147483647	1	96
271860	3770	2147483647	1	94
103040	196833	2147483647	1	130
106148	197711	2147483647	1	92
81840	140684	2147483647	4	170
109678	255424	20273	1	159
141594	176132	2147483647	1	160
208481	238122	2147483647	0	1
39000	203657	2147483647	0	118
197025	116750	2147483647	1	169
44506	205876	2147483647	1	137
37128	117614	2147483647	1	101
24966	55752	2147483647	1	22
201663	180833	2147483647	1	71
113434	120098	2147483647	1	148
266661	104593	2147483647	1	145
124148	301676	2147483647	2	156
178275	70347	2147483647	1	84
244685	187649	2147483647	1	124
147094	290881	2147483647	1	100
155832	88197	13330	1	60
66177	243782	2147483647	2	145
31240	245985	2147483647	2	118
96952	186153	2147483647	2	196
44149	81964	2147483647	1	127
70669	222751	2147483647	2	142
177398	251519	2147483647	1	223
142086	70645	2147483647	1	199
85904	296337	2147483647	1	94
308576	86134	2147483647	2	235
56633	114592	2147483647	2	120
148293	172778	2147483647	2	123
87518	251569	2147483647	1	85
86511	129245	2147483647	2	205
74820	145645	2147483647	1	158
49369	161791	2147483647	0	1
296822	293255	2147483647	1	40
200622	53686	2147483647	1	90
18039	232738	2147483647	1	226
247314	28735	143540	2	156
121244	283360	2147483647	1	48
267007	230778	2147483647	1	84
262757	10941	17719	2	249
121004	148232	2147483647	1	194
196305	308591	2147483647	0	134
68216	48985	2147483647	1	174
214421	44301	2147483647	1	126
290157	302573	2147483647	2	256
16994	13368	2147483647	1	214
185827	194816	2147483647	1	105
46063	117533	2147483647	1	3
16809	139922	2147483647	1	234
298553	212216	2147483647	1	87
128763	279280	66834	1	145
74684	249883	2147483647	1	130
37195	93743	2147483647	1	110
122443	134094	61904	2	155
208036	61895	2147483647	1	67
110514	140302	2147483647	1	179
96513	47508	2147483647	1	138
218243	242587	2147483647	1	238
258034	310384	2147483647	0	3
87124	53435	2147483647	1	82
160167	160384	15816	1	106
61814	17674	2147483647	2	100
303498	311124	2147483647	1	67
9489	138127	2147483647	1	11
142756	180475	2147483647	2	187
284358	89033	2147483647	0	59
32597	31636	21294	2	127
261353	225197	2147483647	2	119
258257	52019	51453	2	75
208013	150140	2147483647	1	69
207956	160928	2147483647	0	64
214854	165451	2147483647	1	188
258923	144352	2147483647	1	61
214058	177200	2147483647	0	8
65525	229457	2147483647	1	177
187435	195226	6753	1	214
253571	216604	2147483647	1	209
106505	231752	2147483647	2	151
17077	181671	2147483647	1	223
17111	79604	2147483647	2	99
99587	85245	2147483647	1	49
188585	55817	2147483647	1	176
176643	101410	2147483647	2	116
167074	278282	2147483647	1	71
132094	31884	2147483647	1	141
90960	32533	66920	1	113
27084	292352	2147483647	1	85
94935	122554	2147483647	2	121
109226	128118	2147483647	1	144
243928	118078	2147483647	1	6
71214	217516	23686	2	224
8067	302946	2147483647	1	164
185161	108020	2147483647	1	105
23898	104573	2147483647	2	145
146909	192394	2147483647	0	95
302511	198754	2147483647	1	92
104678	297697	2147483647	2	197
223790	177899	2147483647	1	105
140074	251588	2147483647	3	132
66436	180067	2147483647	1	187
196206	299339	6066	2	76
270433	112586	2147483647	2	89
217839	65965	2147483647	1	85
39483	261775	93406	1	109
25436	249853	2147483647	3	121
310966	253926	2147483647	1	94
272634	186966	44664	1	81
310622	205435	2147483647	1	47
2849	189672	2147483647	1	3
207994	197490	2147483647	1	70
270579	42387	2147483647	0	148
311123	246895	2147483647	2	174
84912	34042	2147483647	1	87
201122	151171	2147483647	2	27
132254	302431	2147483647	1	155
163655	256290	2147483647	1	79
223243	77523	2147483647	1	80
274317	125728	2147483647	1	141
77930	132291	84871	1	168
203163	114526	2147483647	1	92
189230	173906	2147483647	1	156
109712	264539	2147483647	1	63
55574	77951	2147483647	1	90
1725	14868	11046	1	211
237749	132809	2147483647	2	193
160169	208597	15839	1	107
113654	14526	2147483647	1	123
26654	60022	2147483647	1	111
283445	57338	2147483647	1	74
65912	18561	2147483647	1	6
296559	120195	2147483647	0	103
233452	281111	2147483647	0	40
47138	236289	2147483647	1	120
134494	17242	2147483647	1	119
29251	264976	169873	1	127
77273	228870	2147483647	1	82
28188	296513	2147483647	2	119
96919	50867	2147483647	2	64
80778	175377	2147483647	1	107
296330	203451	2147483647	2	117
186299	12948	2147483647	1	52
166385	86914	2147483647	1	63
166016	14141	33178	1	184
120479	190457	27060	1	66
62254	288796	2147483647	1	9
226266	154559	2147483647	1	124
231762	108712	2147483647	1	56
232333	129802	2147483647	1	137
27598	48798	85284	1	120
209122	113794	2147483647	1	100
131322	139046	89758	3	183
298773	216870	2147483647	1	126
250895	109439	2147483647	0	35
182028	69647	2147483647	1	29
33979	305544	2147483647	1	6
153168	8548	2147483647	1	192
93442	116458	2147483647	1	106
7640	152982	2147483647	0	38
18754	112988	2147483647	2	151
250483	107845	2147483647	1	65
56277	2276	2147483647	2	78
167007	217766	2147483647	1	35
137422	290157	2147483647	0	46
206153	159476	2147483647	1	40
248910	206115	2147483647	3	136
59992	45018	41086	1	169
153912	185983	2147483647	1	194
253516	130708	2147483647	2	208
201577	126888	2147483647	2	106
309257	67034	2147483647	1	81
108245	243416	2147483647	1	146
126738	245778	2147483647	2	150
24083	26832	2147483647	1	125
232872	190320	2147483647	1	45
27813	148818	2147483647	1	202
180843	280955	2147483647	1	106
241749	208214	2147483647	0	63
242528	1627	2147483647	3	187
133764	158101	2147483647	1	154
114992	246452	2147483647	1	97
246261	250301	2147483647	0	81
292948	160930	2147483647	1	182
308738	187919	2147483647	1	76
139845	178297	2147483647	1	64
127866	28730	2147483647	1	22
111303	213331	2147483647	1	70
55140	231723	2147483647	1	95
239962	33397	2147483647	1	2
197586	205469	9092	2	237
204531	212513	7486	2	67
205286	101593	2147483647	1	2
143149	243132	2147483647	1	214
33290	87518	66559	1	118
50785	82928	2147483647	1	99
181218	164135	2147483647	1	51
163157	1285	2147483647	1	79
216065	151595	2147483647	1	162
235534	149962	2147483647	1	59
291631	243139	2147483647	1	26
224655	271114	2147483647	0	102
264850	26228	2147483647	1	10
190343	224134	2147483647	0	48
20449	223316	2147483647	1	119
76920	129517	2147483647	1	144
135613	134180	2147483647	0	94
191519	166939	2147483647	1	55
8442	281693	60994	1	253
10253	286453	2147483647	1	50
204976	43178	2147483647	2	113
252720	58853	2147483647	2	145
87370	210665	2147483647	1	236
170554	270686	37649	2	225
280525	218720	2147483647	0	81
41144	201776	2147483647	2	140
199311	30250	2147483647	1	77
78273	291579	2147483647	1	8
770	231729	2147483647	1	152
121872	149149	2147483647	1	124
273392	203121	2147483647	1	65
154495	271567	2147483647	1	236
274454	96601	2147483647	1	99
41115	244656	2147483647	1	130
233160	185159	2147483647	0	52
79	193138	2147483647	1	141
303954	247233	2147483647	1	92
9648	156662	2147483647	3	158
54640	218104	2147483647	2	145
92980	102038	2147483647	1	147
147254	78742	2147483647	1	107
165225	141110	21783	1	163
109788	79814	2147483647	1	165
275967	91797	2147483647	1	37
307248	288037	2147483647	1	191
224569	53034	2147483647	2	83
227993	289010	9599	1	185
301011	39448	2147483647	3	140
128918	115455	2147483647	1	117
42816	194822	2147483647	2	106
185218	257465	2147483647	1	1
111597	122056	2147483647	1	78
41121	66110	2147483647	1	130
161057	111033	2147483647	2	168
91507	99843	2147483647	1	128
12303	34841	2147483647	1	153
301126	61944	2147483647	1	105
238176	209528	2147483647	0	171
288434	134255	2147483647	1	1
31565	83396	2147483647	1	1
98839	203895	2147483647	1	113
121033	291467	2147483647	1	93
99737	5375	2147483647	1	2
287393	137053	2147483647	1	230
129109	129069	2147483647	1	127
206469	112542	2147483647	1	152
191070	145449	2147483647	1	136
209795	200854	14164	2	61
277172	72353	2147483647	1	170
26085	74190	2147483647	2	121
55483	295267	2147483647	1	48
280478	206872	2147483647	1	104
167995	104673	2147483647	2	144
113896	226774	2147483647	1	124
275776	32139	2147483647	1	172
106553	233786	2147483647	1	88
170152	32552	80536	2	207
68120	90460	2147483647	2	144
83620	84920	2147483647	2	155
246592	295585	2147483647	1	72
229326	51293	2147483647	1	140
90049	161238	2147483647	1	100
272480	266273	2147483647	1	87
33989	115954	156858	2	122
119798	270033	2147483647	2	225
274297	74646	2147483647	1	101
44547	84232	2147483647	2	173
154741	178564	2147483647	0	77
98458	190654	2147483647	0	54
93459	118447	2147483647	2	109
89688	102560	2147483647	3	283
36145	93396	2147483647	2	128
294097	11782	2147483647	1	104
185022	8414	2147483647	1	6
56873	38900	2147483647	1	149
291146	94040	2147483647	1	155
158179	53468	2147483647	2	150
4915	201170	2147483647	1	116
183003	174140	10353	0	29
98357	53495	2147483647	2	128
81675	44147	2147483647	3	173
263225	24386	2147483647	2	90
245583	285180	21958	2	248
94376	280740	2147483647	1	194
16652	181625	2147483647	2	180
195418	64411	2147483647	1	47
309296	12317	39073	2	215
17164	123377	2147483647	1	194
141226	25166	2147483647	1	180
176052	277265	2147483647	2	139
89663	215346	16527	2	258
7455	144177	2147483647	1	177
260926	188019	2147483647	1	131
122632	77310	2147483647	1	59
213422	252308	14659	2	148
158018	156540	10519	1	149
268784	109058	2147483647	1	120
132210	71352	2147483647	2	190
199729	226979	2147483647	1	80
210163	158381	2147483647	1	87
6725	11673	2147483647	1	122
80081	302486	2147483647	1	119
221015	102929	2147483647	1	203
228115	303339	2147483647	1	70
5218	215901	2147483647	2	189
80207	54899	2147483647	1	130
153660	250442	2147483647	1	63
114123	105956	2147483647	3	110
88295	76534	2147483647	3	115
96861	197594	2147483647	1	109
77973	271995	2147483647	3	164
217509	11956	2147483647	1	80
251097	85968	2147483647	2	94
246042	96190	2147483647	2	63
95422	35940	2147483647	2	210
186196	164547	2147483647	1	121
148814	58671	2147483647	1	76
60339	2823	2147483647	1	77
225373	83084	2147483647	1	123
51194	36796	2147483647	2	164
116906	67726	2147483647	2	93
113985	135982	2147483647	2	204
83006	128271	2147483647	1	133
163148	193725	2147483647	1	78
225603	200558	2147483647	1	44
177461	39534	2147483647	1	131
56635	110086	2147483647	2	192
41872	235926	2147483647	1	180
210609	263118	2147483647	1	79
4792	253634	2147483647	1	50
311868	162499	2147483647	2	164
274583	259929	2147483647	0	86
26082	2549	2147483647	1	97
104592	250616	2147483647	2	168
199664	128012	2147483647	1	3
271372	104795	2147483647	1	43
303480	48092	2147483647	1	77
122994	17462	2147483647	1	129
228539	218186	2147483647	1	92
284795	286864	8905	2	136
74430	216296	2147483647	2	231
188821	231020	2147483647	1	169
57906	64725	2147483647	0	106
267554	271811	2147483647	1	81
261231	242705	2147483647	1	118
98400	271149	2147483647	1	48
253688	296710	2147483647	2	209
97230	120639	2147483647	3	71
209507	121756	2147483647	2	157
238581	162082	2147483647	1	205
95258	199455	2147483647	2	201
254464	60020	2147483647	2	86
118607	305979	2147483647	1	71
92117	130758	2147483647	1	139
92292	241464	2147483647	2	128
150071	35123	2147483647	1	91
281534	38508	2147483647	2	175
307238	129805	2147483647	1	108
160892	128820	2147483647	1	47
304896	235384	2147483647	1	12
100715	280649	2147483647	1	3
64151	24419	2147483647	2	117
204167	280526	2147483647	1	26
148623	273157	23410	1	153
138191	145031	2147483647	1	112
39443	232283	2147483647	1	156
156031	53261	2147483647	2	175
133936	82197	2147483647	2	159
252010	218165	2147483647	1	55
23981	78806	2147483647	0	64
154052	189819	20509	2	235
252078	87181	2147483647	0	130
257911	217677	2147483647	2	185
20391	80063	2147483647	1	124
247136	36184	2147483647	0	21
18620	216297	2147483647	1	127
126526	292573	2147483647	1	206
231478	277047	2147483647	2	265
200305	173939	10077	1	182
182435	59109	2147483647	1	103
246781	146092	2147483647	1	10
145089	71135	2147483647	0	146
170535	121171	37602	2	235
88489	239263	2147483647	2	81
37073	142543	2147483647	1	121
171141	82769	2147483647	1	24
44557	253349	2147483647	0	131
17958	167690	2147483647	1	157
270460	8622	2147483647	1	161
209901	256708	6294	2	231
252108	208813	2147483647	1	132
156901	121951	13762	1	107
296506	73806	2147483647	1	32
285410	89245	2147483647	1	29
207168	54069	2147483647	0	66
213454	140437	2147483647	1	110
167786	245792	2147483647	1	153
202214	242244	2147483647	1	232
67369	188919	2147483647	2	149
17781	218410	2147483647	1	92
63502	271690	2147483647	1	166
20137	147396	2147483647	2	121
60033	267905	2147483647	2	253
113831	234545	2147483647	1	1
185538	39567	2147483647	1	3
215090	43331	2147483647	1	127
288679	51991	2147483647	2	212
82011	20933	2147483647	1	89
224063	151536	2147483647	1	2
199488	10273	10088	1	89
291024	300417	2147483647	1	4
197289	275408	2147483647	2	155
9008	250908	2147483647	2	151
242099	209219	2147483647	2	191
243625	48656	2147483647	2	89
134528	130937	14546	1	112
263308	131729	2147483647	2	86
117030	25684	2147483647	1	89
275531	137181	2147483647	1	9
93210	123783	2147483647	1	205
203412	99215	2147483647	1	49
51475	175774	2147483647	1	152
60715	110953	2147483647	1	104
253326	241096	2147483647	1	199
219041	100028	2147483647	1	66
280609	151448	2147483647	2	234
203884	200597	2147483647	1	160
67060	73278	80982	2	161
58148	123767	2147483647	2	114
206075	69718	2147483647	1	53
32871	283402	2147483647	1	127
160789	233506	2147483647	2	124
293454	259203	2147483647	2	110
309090	94800	2147483647	1	149
188455	235865	2147483647	1	109
11727	243062	2147483647	2	91
124212	274887	2147483647	2	164
261308	261401	2147483647	1	132
105654	168421	2147483647	1	69
140554	23977	2147483647	2	143
279298	224511	2147483647	1	99
67332	131633	54641	1	140
307421	248655	2147483647	2	117
6854	172182	2147483647	1	117
275946	239231	2147483647	1	135
242425	121790	2147483647	2	179
127081	30995	2147483647	1	115
65340	1140	20759	1	169
71562	147584	2147483647	2	160
128618	222914	2147483647	1	150
178985	211303	7093	2	147
268377	50671	2147483647	1	87
292436	254759	2147483647	2	63
55421	153104	2147483647	2	107
55091	274931	2147483647	1	117
109834	301242	2147483647	1	96
251382	70126	2147483647	2	161
103313	107504	2147483647	1	114
299915	303471	2147483647	0	100
87852	48354	2147483647	2	225
20874	232037	2147483647	2	203
169392	112609	125511	2	233
262116	97014	2147483647	1	95
37603	245890	2147483647	2	133
189736	252161	13119	1	170
62091	267787	2147483647	1	132
103118	1755	46120	2	172
207783	24150	2147483647	1	70
105329	297921	2147483647	1	186
136815	52996	154939	2	70
304568	187428	2147483647	1	135
81486	58689	2147483647	2	97
163288	104628	2147483647	1	81
292172	103634	2147483647	1	1
244360	283599	2147483647	3	120
158946	122806	2147483647	2	138
294595	311605	2147483647	1	75
300813	249468	2147483647	2	189
306403	25952	2147483647	1	46
81528	72146	42793	2	116
33133	186293	2147483647	1	151
238701	219140	2147483647	1	167
178237	38955	2147483647	2	241
227008	290425	9851	2	276
196322	160536	2147483647	1	86
84598	79924	45308	1	106
292701	173658	10936	1	198
264091	170690	2147483647	1	104
86195	168830	2147483647	1	69
177811	113525	2147483647	1	88
76718	70633	206354	1	139
166366	107174	2147483647	1	173
198749	129615	2147483647	1	125
219002	242691	2147483647	1	30
255759	91671	2147483647	1	190
148389	66603	2147483647	1	112
264838	125872	2147483647	1	124
173394	92387	2147483647	1	102
228188	132272	2147483647	1	48
227254	244147	2147483647	1	131
123852	143571	26710	1	110
111918	62887	2147483647	1	68
81639	204149	2147483647	1	70
74012	210892	2147483647	2	182
300296	241062	2147483647	0	61
153574	19796	42130	2	131
249197	22827	2147483647	2	194
196910	204054	18483	1	173
160510	2229	2147483647	0	27
164856	230655	2147483647	1	70
50498	284364	2147483647	1	89
56702	29700	2147483647	1	175
283288	137597	2147483647	1	80
250757	138876	2147483647	1	130
165743	27975	43373	2	139
263039	123848	2147483647	2	73
293704	32041	2147483647	0	89
158606	181724	2147483647	0	94
263231	166460	2147483647	1	65
134075	242666	2147483647	1	163
192791	164253	2147483647	1	89
12173	220927	2147483647	1	95
198786	219065	2147483647	0	68
171024	137054	2147483647	1	63
155871	114291	2147483647	2	74
37605	235276	58518	2	125
88346	193744	2147483647	1	123
140160	44872	2147483647	2	144
294912	260920	2147483647	1	20
178775	284675	2147483647	1	41
234242	26769	2147483647	1	53
221895	97080	2147483647	1	65
20579	224234	2147483647	2	227
184222	83647	2147483647	1	145
10369	173703	2147483647	1	139
842	6677	2147483647	0	79
190665	163631	68126	1	165
68233	272118	2147483647	2	137
167016	213571	6996	2	146
3416	234117	2147483647	1	88
131062	86397	2147483647	1	86
291183	26934	2147483647	1	123
125494	147924	2147483647	2	65
234662	100669	2147483647	1	1
253081	222109	2147483647	2	234
223569	163174	2147483647	0	81
171379	191510	18442	1	199
221499	277045	2147483647	1	141
290336	31288	2147483647	1	22
218697	266194	2147483647	2	192
295870	302827	2147483647	2	102
40171	170504	2147483647	1	109
8044	225367	2147483647	1	121
53083	310705	2147483647	2	101
98419	196479	2147483647	0	51
294390	68912	2147483647	2	259
312230	306309	2147483647	1	45
251499	309965	2147483647	1	36
145798	96705	2147483647	0	104
41514	8508	105328	1	159
114112	136988	2147483647	1	117
2867	145959	19932	1	110
72682	117039	17737	1	172
234892	184526	2147483647	1	69
245774	101033	2147483647	1	137
52765	20229	2147483647	2	188
40010	199495	2147483647	0	1
1321	304671	2147483647	1	87
269184	31949	2147483647	1	192
48271	151088	2147483647	1	123
99797	92628	2147483647	1	124
230749	2036	2147483647	1	114
83565	243881	2147483647	1	151
249165	34563	2147483647	1	184
33050	22396	2147483647	1	148
48642	217536	2147483647	2	201
138865	119091	2147483647	1	142
67343	111733	2147483647	2	163
172897	307914	2147483647	1	62
196761	79296	2147483647	1	235
260345	250154	2147483647	1	61
22285	297001	2147483647	1	225
165182	184169	2147483647	0	60
21426	45248	2147483647	2	176
91467	283171	2147483647	1	73
296291	87227	2147483647	1	80
63472	91763	2147483647	1	167
50853	261424	98302	1	112
203941	52322	2147483647	1	139
56787	125865	2147483647	2	206
35823	309287	2147483647	1	104
43169	20232	2147483647	1	82
223916	253820	2147483647	2	84
