Node1 	Node2 	Distance	 Time	 Settled
141702	293233	30739	149	107697
112584	66356	113310	222	249095
148330	125187	90052	233	230251
30675	174335	46862	144	171345
71929	188450	14095	24	35308
28008	185734	50026	98	124123
69923	14336	51738	34	50026
143223	280783	35832	145	188690
233116	62947	23929	107	138023
159701	26242	35496	109	140216
27113	153912	71028	36	52333
87020	293200	27437	104	134302
36566	257950	68640	254	258666
226919	112564	98445	226	301863
266644	127479	77044	216	286928
50923	33894	23492	6	11429
44314	29242	98494	220	290788
411	104126	116501	232	260308
221817	119685	44168	240	231917
108382	162828	54671	193	237527
302491	46046	37088	168	211326
112773	297673	43649	29	39371
13089	9728	52505	135	177247
145369	224639	14621	33	47433
168001	86555	17845	72	83317
24385	52291	36148	120	159825
5946	72917	29558	136	176544
124642	274416	9116	15	22684
301476	131234	69929	210	273176
126488	45570	92557	260	297500
155939	5031	43117	170	213949
140079	176334	64188	183	228356
311186	135082	43834	178	225379
230460	266826	10998	43	56236
57534	66163	131242	216	296054
283886	107457	29665	135	177454
82839	1604	49733	182	234903
221160	174269	26222	133	112925
223093	16077	25204	119	150953
60921	294999	83196	67	84645
281998	120643	32705	67	89618
24142	212174	19635	20	29811
50871	57944	66126	135	176576
112106	83410	46820	128	166577
77789	129432	44599	175	220325
240314	254757	59422	211	267276
74759	220340	72304	181	238797
50283	3098	63341	222	226377
165837	113694	32486	131	180250
58401	222883	34449	34	46203
251760	197832	22447	97	121808
9996	8337	52187	193	242437
205648	71964	86171	221	299727
215154	17076	22024	102	139171
92431	261029	73122	186	240504
223869	240294	19415	47	64496
306720	184577	24405	119	159114
94391	298343	52427	99	129905
232904	92245	58671	249	264822
180960	160425	19759	102	117941
233865	181880	14867	59	82373
66043	192772	21124	13	22055
37355	220733	63338	162	200095
287704	128112	81833	228	298069
144519	165931	15234	46	58817
302897	225006	22000	108	140063
64929	14377	74731	15	24136
260570	259164	39656	179	222486
110453	305238	105632	70	99295
8852	97271	19875	69	84035
18131	175413	62968	99	133138
280745	171313	16658	11	15624
312234	183029	11240	30	42587
95084	232359	41787	69	94679
188546	204495	14361	77	51055
136255	27180	78533	212	287918
109027	190891	29673	56	77892
262716	13043	48816	180	227245
145753	186762	20101	61	81369
84473	226005	49777	84	111676
226171	294603	5319	12	13650
72096	232845	42060	108	137034
269153	266225	133781	243	309539
15704	206715	18388	99	129752
167109	112534	82580	227	300049
297021	158486	64318	240	272930
75385	246318	68549	85	102367
188521	31228	27877	134	160113
199019	87599	27110	138	154805
279595	159334	44999	117	151861
90301	41820	85751	165	213036
43396	44941	14247	2	3964
249435	137510	53412	170	219670
234652	282920	16603	42	60658
144830	10183	17530	41	54913
147136	265250	14572	35	48101
124873	179845	25153	102	118953
7114	286458	27487	66	88604
90893	133941	90631	172	217224
300319	311211	17375	81	109630
70687	174283	66148	149	143357
9656	77035	58091	210	267217
263014	163731	8216	3	4517
227071	168738	22066	119	154011
129948	214586	36211	134	177186
250051	169950	30635	128	172452
20983	213214	39589	50	68067
188557	235539	21263	91	113847
187720	52281	62343	205	269387
260468	244610	35737	166	211189
15070	131817	75598	209	285765
57163	278603	69606	249	267798
51780	247341	96950	233	293835
47484	136257	32829	12	16809
89037	94159	31996	112	151580
115804	55948	84408	207	267971
270600	89521	83018	222	296720
204439	28403	72625	226	285981
11318	17703	64073	225	270817
138138	174136	30879	33	48188
273062	85371	48776	186	235487
146932	216393	30552	157	167612
137621	19947	83606	221	287818
198779	115033	36000	163	205505
100007	48599	41696	165	209364
84070	293454	21008	63	80993
57447	142703	69477	127	175835
48906	77533	70248	186	239315
120191	281320	25021	30	43160
62408	60802	115847	228	303993
237411	74217	56995	200	259679
204989	84116	16059	39	56840
160274	191826	10445	78	59239
35748	202205	50016	161	206050
167418	300080	24989	99	135676
239525	104119	30057	140	182857
291356	36223	55622	203	259969
240348	78249	31120	139	184750
214776	17394	30883	133	175716
136491	75124	32440	19	31139
34612	205321	52185	114	156339
138560	66715	74642	212	278310
67057	161585	71974	29	47226
182140	271542	61269	198	260311
113317	232528	17240	19	26183
78776	244123	105614	25	38673
311660	188571	25587	159	160229
116642	20952	66363	190	250355
140913	113180	86975	222	292471
91749	159681	56363	140	184218
55640	213753	41299	119	155410
162061	242420	35903	97	126542
54695	95535	59729	165	202603
155329	57577	30283	60	81078
122636	76794	54490	205	247138
286826	207654	11240	51	69263
18921	249414	76524	165	204086
92348	32463	59116	174	193840
110524	169476	86611	31	48652
245925	90808	53420	198	258309
119676	293115	71664	96	116422
284263	98953	20019	97	129564
145932	263176	39509	180	207334
226986	205205	15969	96	106747
259882	113025	36413	44	52814
175535	53158	36607	173	212090
173217	173424	21725	84	111845
1301	239415	56623	130	171732
224997	75528	82695	220	292815
37259	11897	55363	85	118130
297117	302999	10272	25	33462
161532	180432	22808	20	30108
102286	161614	88787	271	284507
124674	203968	20605	84	107934
247498	70483	84034	221	294387
92208	278254	22804	24	35070
88801	151077	16183	38	52182
158082	3579	39416	146	186279
124895	41637	35805	141	192599
89140	83600	67946	111	144736
199494	170650	36005	142	188633
294311	3534	22673	115	150463
257641	311068	117043	211	274785
64750	175072	63104	183	229249
242016	24680	103666	227	303264
171639	194988	41087	127	163827
95970	6972	44374	171	214515
53563	143584	92104	128	174289
102372	120585	66458	167	218762
37327	296244	63521	107	144179
245038	8509	60115	180	231028
18184	42023	34869	125	146237
264421	102325	16799	95	113943
3438	176405	15027	32	45669
126934	43215	45431	178	224443
218011	15859	3522	1	1204
302360	227569	33416	130	160692
110931	264752	51859	89	116343
189097	2549	82542	232	285503
248632	231999	71875	133	180867
128878	301401	79635	103	137709
30238	151421	135948	141	180236
154573	2081	69182	224	283593
250004	35151	39065	158	196918
42464	13534	66906	8	15825
237754	267375	59474	209	270208
184520	274581	11746	47	66068
124220	167815	71252	54	75597
49447	139936	95445	95	126758
35381	34436	84806	202	258234
276217	55363	41416	175	222536
108301	262230	42079	143	186718
26527	63967	67105	217	268023
214133	202592	13802	65	83122
110858	308474	38555	67	87361
143845	58273	30883	140	178508
153895	299866	15441	18	25836
10454	68166	76187	217	282580
284204	12330	33517	161	200900
216055	44913	44765	180	228798
240036	192558	26753	114	142702
290336	286133	2896	3	3655
31643	223294	139179	142	189559
38491	604	76985	193	243423
136992	6221	41190	164	201038
158290	150287	33712	67	86831
292741	284227	5644	13	17619
8749	251110	128243	56	84376
156267	82217	32093	123	164733
196383	160360	9476	12	18025
96142	181323	21137	67	92642
291053	256878	45582	197	236367
28567	172710	63765	109	125874
188055	76503	9654	23	30867
36234	305481	47241	47	66345
217422	106048	64572	211	266038
180972	117039	20027	91	121990
151795	263631	12581	53	63674
57260	90259	44278	118	152243
258619	127110	31386	69	90964
36380	172389	59935	167	204781
187279	45761	19197	67	92002
208440	259887	66423	210	270851
257508	57825	56656	130	173165
70154	196499	111326	63	83234
115077	217849	38942	152	189478
187918	111394	27933	129	162865
216454	287691	21162	72	91455
15919	277675	64242	205	263816
161075	9705	101900	125	167262
163977	15474	42831	172	209237
32400	238654	22978	20	29502
83158	130011	13575	6	7129
173181	78804	126511	237	309851
239006	55070	54740	203	257686
221611	272605	20670	72	83471
309933	311037	4006	5	7952
21700	135187	53947	172	220982
165283	53517	70351	219	287733
116260	189626	32287	30	43402
250434	233753	11933	24	29078
169065	21584	60367	213	266067
207317	252488	9371	30	40541
37482	149600	55280	141	183867
254407	105999	123839	216	289516
262971	73241	32371	146	194846
272833	57534	58875	207	269714
164797	239393	103236	133	177783
205338	217519	11486	48	62744
12255	55744	52035	17	25678
218566	294887	28481	44	60386
9150	298057	14512	58	81814
119743	102239	28836	96	124653
1394	192020	79028	177	227966
184958	291902	12001	51	70995
79049	17305	17862	59	70890
306601	256159	48753	192	241460
300501	67846	58320	204	266464
218764	151631	28754	61	77910
53258	85598	142570	210	276514
87456	41242	52819	199	231096
80375	88556	57805	184	235821
219903	162987	48087	182	223786
303237	220112	30771	139	188596
56204	189749	73041	195	242994
287208	101318	22912	118	152129
8979	12630	83988	221	299396
213846	187012	12269	29	40176
36795	154970	78168	201	242925
134142	161378	67553	203	261454
198966	207804	6974	13	19489
202263	40404	66619	210	271071
204422	71223	25795	118	156749
198886	274254	24824	121	155161
124658	285965	147737	231	311241
225670	153149	16957	94	117385
186230	40168	52215	195	246462
92600	15118	44381	67	92057
145248	151993	38914	170	205480
302223	236053	37577	98	122946
50872	243197	50428	51	60348
289384	55769	38074	168	216514
82329	7559	31979	101	133421
230423	228747	6726	16	22218
82673	104207	31547	65	91167
53170	165981	51846	140	190270
288016	29819	48548	193	242333
40745	65281	144553	230	309442
287458	142226	20710	102	132558
239375	4126	9962	25	36095
220848	131445	44429	155	188621
301548	247221	101606	231	302573
307888	284412	2832	5	5134
143065	66000	43733	182	228844
269483	240684	34760	66	87092
286436	224022	19389	107	138052
184560	130711	69879	219	277040
156644	110545	127955	234	308878
186845	311954	19192	80	105040
15062	102727	21589	97	130431
147836	256467	32140	12	18011
192617	276318	17055	41	51974
84459	84053	62436	174	217115
213568	279724	36496	148	196140
136665	52660	122495	232	307863
97803	299596	25508	85	109258
265231	62086	45157	187	238276
135069	292657	33517	97	124419
234066	6374	37963	173	217247
18036	222123	63440	150	195832
25108	281780	57303	197	251362
227930	196624	6488	12	16109
211087	116755	34449	148	196089
200329	17709	55486	194	252607
269875	275577	32263	116	149013
275197	273906	17775	64	89782
167411	29543	77987	225	296556
254439	245438	104989	205	251647
258128	97336	82424	144	190186
277016	269318	28677	74	96727
39796	7408	79496	195	246259
245952	306067	51419	198	254016
286642	24228	13731	62	73861
26556	192631	30886	32	41649
250603	151715	9129	38	49673
212979	127795	31132	140	185932
229708	223303	15676	46	67590
50759	273795	124712	214	261386
119623	236470	32509	92	115575
242575	8492	43154	181	225473
287818	126303	21357	111	141729
35254	183038	47047	108	138026
100106	89957	107963	218	279474
65292	116358	147553	205	272442
121872	126941	3387	0	870
23931	153617	37618	144	190728
55009	274897	64084	182	223853
189250	37851	39140	174	208051
58904	158996	72011	194	248225
92259	175887	62176	151	194288
44842	243956	34748	66	90815
126491	18543	25001	114	150828
73477	125468	49719	144	196005
231227	201946	11505	43	60911
247685	159694	60587	137	178847
87620	260191	39073	173	206305
250584	207616	14028	69	93230
206650	223905	28817	147	173502
51649	267410	93357	223	293132
140728	6329	23102	25	34319
131646	132854	9128	2	3598
202738	208624	7501	14	20381
280083	83632	100243	227	300319
54609	157328	94849	174	217194
8336	156782	73373	208	275667
120434	275353	39826	146	184511
110111	249416	65066	14	23224
26973	1354	109184	188	242993
266591	303831	13139	50	68106
108899	103553	1853	1	319
199754	95280	28184	123	158081
235653	54352	34810	168	206760
9910	133272	24810	117	146906
160834	53929	55744	207	248172
46536	160766	77667	77	105620
119944	291057	32402	67	91674
33633	242247	37397	54	63357
114518	187659	39747	123	152753
272070	151122	24988	64	88047
244740	200860	34403	75	78482
311001	247568	12294	57	76836
92041	56264	153321	264	302062
86204	82856	82669	185	235185
59895	137763	67866	182	239007
135727	10640	33958	109	139938
203730	17792	67320	215	272800
216036	36521	40452	179	223691
222923	163026	31365	143	184706
296657	74650	77715	232	293846
71632	141641	48378	146	196256
259419	120615	14348	3	4783
103239	191798	23385	86	108312
117494	272938	67588	79	107893
94501	249292	74866	191	247567
305525	62093	53550	202	255775
72460	297432	42754	104	138021
24732	138267	18554	15	20435
101405	43578	30573	31	42295
228969	210466	139302	128	174410
142014	197880	31969	59	80525
192141	311277	136529	237	310078
65774	201705	135277	116	159891
183134	204436	12889	62	81032
12786	235554	91115	116	152369
301056	160295	18616	98	127735
11592	117433	68890	211	281703
264586	5935	22103	57	80131
92214	115349	35558	125	154983
140031	195033	86205	136	177118
6439	262372	32418	81	103031
130996	141508	51823	194	237744
3626	90159	20463	103	135014
265392	138723	35997	172	211356
156489	203529	43413	144	190103
50854	45601	105332	223	277206
168955	70737	54051	204	254700
196843	260830	58406	205	263874
202893	142260	34553	139	185600
69375	138992	59541	59	76699
24703	49148	74039	25	36304
252898	62153	44864	101	134171
49473	281022	89311	99	131951
157551	191420	48272	182	228526
74334	293376	123254	98	131886
105573	233029	16041	47	59109
125362	170819	41198	151	196569
47517	283158	50820	70	97346
303859	213466	17573	97	124110
153707	229205	22252	90	112219
81223	118948	38346	24	36706
93317	181118	49763	77	104820
20666	307208	34151	134	172179
126640	167062	72259	35	51791
245906	53762	49936	196	250986
271403	243104	46749	63	88921
156375	47230	62465	213	265921
304204	129867	22485	111	155595
230751	307446	27271	122	153938
219316	194111	40224	134	173514
78835	203177	49089	13	22245
209410	112160	67335	205	271552
225175	54045	50237	192	250926
22654	146812	5759	10	13632
175911	268283	150505	240	311323
242178	150078	10373	38	50699
242769	52593	54442	203	258080
7784	222506	39872	118	155982
112430	40958	46561	5	6069
310855	259809	52684	210	257011
99892	218228	38532	141	185675
184548	255266	27446	126	165861
47213	52643	49215	18	27582
149548	244619	26882	116	149801
191653	95250	30748	143	177178
100250	67626	87982	230	280408
205511	211800	18232	70	90772
266873	243712	22960	73	97802
29197	219445	52721	88	115172
81338	207043	15232	38	49991
277083	81057	117104	234	309046
100450	262890	6870	7	9427
160978	302816	63376	187	232817
264905	199863	24931	123	157779
87725	125125	12370	34	44049
141322	240436	36403	116	156618
40140	172207	83799	198	248431
294724	167187	6842	15	23341
103672	166535	37368	121	160790
280444	119120	57448	197	243018
63763	51332	33735	31	45527
67911	10308	86803	186	243477
51854	141057	66998	208	261477
73846	270957	58391	22	37405
148708	26922	80701	226	299070
271098	179235	27393	107	136359
302605	84293	35615	165	196932
17565	113069	37484	60	81275
250888	307436	22679	109	131498
206065	186957	10983	46	60592
9897	260012	21533	96	124163
31197	46175	51710	181	230557
264507	57182	58224	187	245167
21542	96270	102395	216	288830
297168	131754	30073	38	53101
245363	114236	43443	163	199591
232239	178974	24154	111	147293
75591	126102	78827	96	123478
292394	9189	46320	190	235868
63258	133796	57821	195	227932
20373	175705	56382	129	169968
231096	33035	51059	195	250542
309876	294596	10047	30	42847
181734	123483	32825	146	183738
197724	49677	42440	193	224676
114221	161441	52027	12	18406
302997	173788	19194	97	129968
4368	173228	77126	47	68364
279319	261127	65958	200	252969
51109	91766	83026	196	256029
206354	97842	13098	62	79569
164364	135750	54865	182	226710
51679	13342	68277	216	267421
112563	307729	105506	169	218726
45846	127144	37188	35	49777
182266	165569	12352	52	69626
160246	140825	23103	119	157235
188385	240680	11042	27	34942
112925	22783	153743	246	308704
289329	298553	16428	89	115655
229185	196780	11655	39	52248
216746	155946	34524	140	187635
64899	94392	10227	3	4070
3621	217658	6672	6	8539
210964	70578	66604	213	278876
170157	242603	36449	85	110507
281611	256067	107632	205	267082
121796	113029	6569	3	5262
286280	291893	10683	49	53474
281487	285655	68441	74	95278
118445	203024	22322	37	49906
57868	249335	46214	130	163700
209911	41421	26518	118	153893
262298	144199	11446	35	48053
262831	107712	60530	147	195442
172312	307813	37822	97	120600
202894	88952	16529	53	75084
269573	22932	71426	191	216334
289122	235780	3001	3	4837
267227	229853	131384	157	189348
167171	196016	24701	109	141291
235413	2927	44303	185	231894
190209	145941	33215	140	182135
289444	66592	81345	228	296213
213638	56927	110342	230	306975
52723	94930	136079	186	222806
159974	217780	30771	34	42303
144625	266089	8469	21	25163
263761	43522	31062	144	180442
302981	46247	46165	183	236487
86276	154169	33478	22	27024
69137	217330	23605	8	14096
126804	277890	27803	59	81687
135266	162516	1065	0	84
308568	279659	29942	137	180510
158811	18951	102973	187	240294
97470	102205	6991	4	6699
68903	251950	69510	109	143813
254113	294552	62637	111	144264
210204	56990	100128	241	304572
217594	123836	44458	171	210395
303026	57736	60636	211	272381
42924	295666	27478	52	68907
52780	171113	29712	20	28020
108246	57644	68142	221	267421
248988	243260	66578	95	127839
229868	122813	12812	43	57641
115295	179746	33323	130	167112
191097	266715	26114	107	140978
299123	234886	9671	37	49423
54070	77204	72606	209	261291
165158	163774	32563	143	188235
237108	83330	25454	130	163640
177039	311063	20125	97	123487
182489	233674	22906	112	148176
302904	243821	7082	21	26180
218325	178280	21303	45	59768
140977	123074	90359	230	298649
96276	231742	85688	94	123998
301415	95996	43002	184	227478
17249	94424	11032	5	6168
28897	54006	64887	110	127105
157604	197391	22928	58	78581
92258	209095	53350	85	106770
60095	262184	86025	65	92324
25100	185256	17701	30	40555
230117	35595	51351	203	253930
219609	220850	38506	173	215568
179913	91496	68738	218	270703
247918	145411	47890	81	100987
95828	87405	34747	49	67612
306735	26001	40262	192	224883
274937	252308	6218	3	4871
62999	145259	30964	39	53045
216468	192500	22641	85	105612
107214	257168	31516	15	22667
164158	29280	113305	197	268332
44515	9491	37589	17	24800
264	91897	81151	213	272483
151432	53595	84418	231	292442
260047	33232	60554	208	270708
126453	98335	21535	99	127666
151134	61845	26862	134	175653
168970	75083	84315	216	283377
119384	79504	64554	218	275433
62848	246316	35153	86	109660
268797	39432	60269	209	267445
229547	111802	35059	165	200399
212852	228701	27086	104	139167
5168	235341	34149	92	111414
121944	27536	56970	200	253114
252781	310904	12705	54	74759
266219	213023	121179	150	195639
8137	304107	45809	145	193337
171729	306056	25970	73	89591
146579	251487	23674	94	119416
261511	150804	30700	90	111612
135730	243033	29294	67	90022
6022	128406	57873	125	164319
11504	297902	11408	34	46785
265244	123619	80774	233	295958
144440	127900	17960	39	47693
60762	116640	98268	192	210100
295634	103937	23329	129	156663
191542	58870	72558	237	278795
13961	227623	48563	150	177364
297141	12519	77138	254	291049
254505	4904	76142	231	257060
66882	187974	80108	153	169536
155163	125627	37154	192	211769
4191	84254	115148	234	307409
56386	290442	59430	117	152772
45055	256035	40360	27	36766
232159	203265	15606	52	71271
22171	218564	30058	135	176813
233139	141349	41367	179	223164
176558	2510	21510	96	123899
233597	275858	15497	85	107718
149698	298755	16658	30	42968
146064	175701	29105	107	140541
122806	6150	66447	211	267580
310184	231667	27292	117	135194
8906	69361	76700	229	285669
193406	139764	66496	224	265393
199667	255534	53136	198	249751
223168	7410	34644	161	198382
246374	198509	92187	149	194667
256281	263335	65733	57	80741
264656	40976	21265	48	64094
301818	126418	17425	73	97619
289490	234708	4719	8	13869
24251	228568	27537	85	104621
308067	199980	22259	118	154907
117329	285783	35836	116	151090
255089	97378	82435	105	128517
111063	25774	47142	56	72538
126491	291909	18190	72	95251
84810	142930	17764	40	56740
222154	112445	125534	228	287800
180769	5177	28557	122	162486
270917	93951	46627	178	223700
48085	281715	119017	225	298336
158198	102064	27229	71	93255
85382	83867	61579	194	251531
123422	121285	24803	17	27407
306795	289383	7215	9	13284
123161	291687	21062	62	81953
72891	110277	92568	236	295791
77785	258143	88032	223	298326
293448	299905	20526	100	134704
260793	202762	62639	136	177067
182044	241365	18359	85	107204
193388	208155	8490	26	30599
201016	117508	85495	224	289464
95181	65533	8255	2	1782
47605	237043	44889	42	58831
177143	26942	98474	225	302561
5037	171127	43861	102	136193
290935	266843	9365	32	45315
135369	43331	70267	200	261238
78582	226678	24434	85	106496
143336	257148	31452	133	174086
230410	299797	18262	95	120794
68441	58184	128032	227	305982
272566	52632	143610	228	310135
267552	179315	25555	26	38372
18519	40522	45866	136	179037
189739	69096	51093	181	232044
229753	27550	91527	236	295663
41728	186335	57079	114	150849
52904	136748	48108	72	95755
77971	191983	88130	123	162964
309320	64862	52025	200	253811
31215	258611	14903	6	9491
252837	138631	28961	41	56433
184776	106172	23154	127	155450
86892	159277	33747	13	20753
107559	89492	94806	225	295202
117297	163841	17207	25	36093
267324	293160	52922	112	148517
64901	73113	14750	6	9500
9694	176173	13902	53	68630
131576	60141	58150	181	231601
180559	30949	44551	183	227119
298555	77781	17171	88	110980
136310	63141	17596	13	18920
123101	263015	82615	101	134487
286304	187849	14645	71	87257
285014	118713	28658	140	174760
7176	229733	35434	134	171560
270379	131548	36895	97	122819
194840	154475	25641	122	157933
199506	150579	9866	43	53080
243820	144244	9888	34	47791
38793	84149	83871	195	246707
246821	40754	29278	146	188371
301483	53928	84861	227	293347
259335	185648	43175	113	146545
251886	277020	37320	145	188980
85152	65896	139712	200	252604
197821	183799	12057	28	38017
252468	71986	53701	222	257823
195080	53283	104649	248	303570
224192	246803	12427	19	29423
37192	268157	50180	123	163011
150163	3721	18051	81	111295
20850	147874	33808	10	18173
248308	76473	26309	126	168981
274735	140086	65637	202	259346
252477	66557	76536	226	292847
13309	47437	93844	81	106298
33536	27932	110966	212	270803
295163	265849	5466	12	15669
309233	121882	26359	118	159036
43377	181199	50795	133	175774
234027	207173	15339	67	92441
118183	273674	93186	200	257117
299549	32665	73097	233	277984
144213	171344	22307	88	106670
248333	187119	24706	123	151881
102521	149646	29387	127	164282
39573	211331	67511	175	214521
135755	65837	62135	201	259344
144110	279484	53347	200	250170
10975	63036	29317	151	181288
241628	751	51200	195	250065
26509	145047	41478	128	161741
281898	146959	18004	84	104217
211587	88909	26666	94	120210
137622	246448	86543	237	291964
146555	224228	9055	7	12794
69796	128568	101643	218	281271
87618	194787	24045	99	121447
165570	231940	21176	96	124123
290653	91653	30564	145	188918
151973	234990	28904	104	141722
217770	212512	6408	12	16803
174401	122225	36306	171	207060
192614	31799	46312	187	233639
230121	166837	12989	56	80256
13469	6651	21682	11	15558
113472	94391	104952	210	272527
227742	258879	58715	202	264692
304407	146828	16835	96	119694
70628	32669	138837	228	306754
28034	213307	92293	105	127094
65424	75633	81487	204	264003
258698	102402	7652	2	4444
308129	183189	33792	111	145206
310694	177988	11920	32	45629
31910	103277	20687	19	28488
177327	261203	31264	126	175211
91655	83939	35134	69	93680
104542	17225	12045	6	8278
69969	220739	43113	21	32343
62738	127204	53960	111	142266
262192	149783	4439	6	8450
155402	94647	61411	198	252291
155333	302480	63275	198	258195
97144	306494	17129	39	49606
249531	290109	27630	82	102865
284708	15275	18765	95	123299
151822	36019	76567	220	289090
83864	114977	59980	160	201921
212202	183330	9852	19	26907
70740	179417	66962	101	134274
262325	75683	48704	197	248314
297123	89716	43184	67	84812
121481	166443	35979	118	154965
78503	201293	20170	24	37939
48316	153980	34666	22	29381
194263	73543	31003	132	174058
93730	199301	44026	46	67796
214076	63229	47861	188	236802
160568	36434	50662	196	239319
145374	8941	24875	92	122995
30854	230122	28387	62	83717
209759	107870	26639	122	159034
39587	7417	71738	179	221361
278059	28294	149979	232	307431
90992	141387	94586	197	255630
204254	305299	22657	94	119752
297502	9978	24749	120	160041
37544	118646	45211	63	84143
306106	189434	16622	50	63147
258001	305148	72989	202	202516
36376	219585	48912	105	131003
2218	307647	11244	9	12673
4457	63468	47958	219	241694
60504	278065	137476	255	305769
161028	175632	43631	116	148650
94154	157122	42502	183	221346
191371	57239	27158	27	39630
225	116858	81011	181	226673
216648	45148	50753	188	235358
12821	179338	85530	129	177109
148836	38414	90244	227	302700
224078	241010	16060	39	57095
104267	89794	100921	209	281185
120469	221741	14869	13	19468
188188	23271	44739	183	223275
208695	295320	22871	99	124712
37152	55339	43549	85	108978
309912	85844	73945	222	282729
279904	281873	45273	94	112267
127897	211625	42292	153	196203
199936	161777	42945	174	224685
299580	215444	23204	111	145565
174672	284297	21787	83	106287
277312	141225	115219	43	58890
215390	195119	22048	83	101672
14533	160679	55975	175	220487
265049	98376	33318	145	195254
240823	185127	20313	99	126501
282733	178147	19477	52	66029
95670	228258	58735	108	148105
26868	294681	86755	84	114147
35181	188484	48085	102	130961
241683	81880	51753	196	252071
184009	137072	32383	157	194935
133419	304352	39128	108	151036
300353	186463	12405	44	61647
135302	264597	30988	30	43121
33375	174855	59900	97	122488
32298	72358	35081	97	128004
108383	57447	40336	134	179371
117415	224386	43670	146	194132
111123	259100	29923	16	23074
48731	113243	55671	114	147153
107394	232362	14243	34	45878
185143	10164	35248	162	199676
274142	173392	11077	25	32654
131943	105178	112080	243	284166
262354	212674	17785	70	96148
248783	296914	69468	119	154578
36894	217482	70423	172	214212
141755	46335	79811	221	290572
159187	51114	73270	226	276888
146375	176750	29020	120	154843
76376	200817	60859	169	206886
243692	263338	16704	87	113007
281457	157221	40561	181	225586
30954	216587	50297	159	198900
56104	282380	29379	25	38842
254890	189054	115640	171	218005
31521	151211	17868	25	30349
74327	254513	103884	26	30950
204908	215548	2200	2	2218
116131	234831	31903	85	101113
116225	125885	95124	220	291665
21533	33125	135239	227	306221
141645	75630	71202	210	272735
106663	147323	42922	142	175026
248805	74342	188549	235	311317
212349	220886	36146	142	193784
168651	198993	25596	71	91201
220761	55614	32412	101	125889
154994	250887	39335	122	155613
234605	286666	20500	98	126291
236952	101548	32994	161	199936
278224	299464	10587	24	36875
51092	226606	37947	30	41191
3709	49849	127447	232	310067
206306	14567	18525	52	71748
217338	245385	18006	29	42449
98755	311116	20679	63	86830
279358	129570	62590	179	227418
75483	56533	102140	193	260236
210665	121200	34607	145	193401
117726	106375	92773	193	253279
93254	288773	67880	144	194021
149194	118215	68857	220	284684
222361	240925	19480	72	97639
149938	26903	86922	233	301227
150602	217915	18575	91	107024
55068	240399	58254	140	182186
278246	5335	61669	211	274190
117854	1235	77056	208	270239
8697	252752	18525	40	57896
223024	120800	17321	46	63568
31940	134430	89450	228	278463
225638	74555	76311	224	285813
24513	209511	15548	12	12328
292736	121477	30028	141	186175
186062	207276	5005	9	12927
107380	93332	34181	98	122017
234609	156970	26149	123	161294
84667	160124	41939	171	215217
90330	161644	66647	211	266136
158306	223783	19094	14	21120
13316	17748	151620	219	302681
162202	200087	21494	34	49119
252747	25154	15540	82	103381
55586	262800	47060	40	56209
62962	194750	41860	103	136385
256008	246179	38067	68	93031
183229	176151	11058	35	44242
222375	61432	90549	227	300031
138139	93804	73732	208	270602
7402	65676	108875	233	307178
50534	15793	26482	12	17341
308564	36156	70213	216	279840
213829	182639	5726	6	8141
35450	92455	79012	181	224223
298077	62862	35324	175	208718
238321	129607	19417	99	115823
40489	160851	63550	215	225403
27220	29125	66924	2	4294
66290	156938	90139	251	255288
54773	124308	58935	225	176914
251501	308377	14743	75	61025
216144	87927	142503	227	311161
151493	16975	15288	80	93670
215060	86600	40853	184	214712
204993	220954	46659	175	223794
104797	183337	97806	123	167076
30750	177594	34056	108	139319
144937	288277	19403	42	57489
288566	172259	37240	182	216089
51863	191064	54318	176	208467
52913	282827	51760	96	100627
114654	197770	24324	93	118201
115999	94709	24521	46	63316
141578	20958	107195	223	304813
17684	211926	53937	140	185722
182095	78541	15345	82	103640
166798	50749	88197	228	302051
189842	246185	25284	56	77952
50931	84705	51244	132	173650
106682	295014	36927	127	163046
6292	268077	23092	30	40237
173598	7076	38451	168	208617
101056	5996	103356	227	299700
116248	277836	35657	113	134838
257368	200488	53985	120	147778
202960	185480	12514	50	64277
215259	144008	23825	108	140617
182951	208055	4107	5	8375
170749	260860	45537	179	222832
182602	218345	9803	25	38333
26759	265710	25592	34	44949
185945	148307	81090	226	295346
235557	145457	6085	8	12761
125636	298666	22015	34	47642
135474	143505	52984	148	196594
227640	232966	11574	48	66719
15569	297301	11998	53	69009
19674	73696	36408	124	160188
271939	186202	52182	143	185905
113574	227741	66446	114	149048
15322	293008	10533	25	32477
133397	68143	76127	215	274628
142575	78804	151665	238	311315
227619	194410	11501	28	39270
143552	269485	24919	110	140392
248208	311915	22985	103	134162
131347	261377	22373	47	62485
193629	107884	22253	119	152622
4689	113700	19244	104	130061
164881	247517	28057	115	147001
260018	98758	21368	100	130176
44307	88267	36802	38	54088
163623	174947	35645	21	31631
140343	119657	40798	65	87702
178446	158398	28998	128	169605
281280	125519	24275	123	145665
310564	196440	15358	58	77548
211864	79173	11590	31	43964
289979	257729	69465	216	284925
191208	282035	15844	18	25726
15436	119806	43925	169	218196
158480	205184	67453	64	88645
4338	171226	12338	5	7687
73716	27276	92917	226	296558
154573	123740	23171	86	110235
83868	68532	25767	15	22992
202337	114929	14592	55	73564
101584	67853	104541	213	287027
260058	192109	56780	165	211661
201243	231022	14456	52	66787
126003	290673	28031	112	146082
