Node1 	Node2 	Distance	 Time	 Settled
209956	148291	89262	126	170740
177361	67048	103591	331	281560
158115	149764	42072	20	38976
155142	160484	3770	0	157
52880	305102	74411	89	158113
290182	115892	50659	1320	140722
262744	214829	21314	6	14942
269900	49621	103326	128	224199
117833	151823	36039	32	58148
267197	186406	14484	20	27125
26476	180488	41115	13	27780
267776	66017	58744	55	100554
63194	260337	51408	13	24432
43227	185283	28600	10	22440
72600	300135	31394	79	142910
176070	44958	37488	130	228024
29658	263257	48174	31	54756
225002	170423	45980	27	49692
172034	158709	29388	3	7078
281516	104251	110438	124	179451
57040	39524	21968	1	2274
306230	112717	58672	60	111535
243711	12750	101218	122	212129
281839	234963	17519	14	31624
253090	81885	175952	117	206555
274987	248509	108617	133	216057
145045	165667	20273	19	37321
96554	168776	61314	70	119727
237341	241793	15022	9	20830
59000	122168	137333	153	281434
19308	133669	44883	40	71795
147889	33322	117324	157	291824
251907	34629	81167	109	190790
154327	161692	195863	160	289561
146713	293307	22517	15	29153
175520	105578	33022	77	140412
33488	216496	97012	103	178898
205557	257532	82509	86	157584
84290	64870	52136	95	174417
158490	61706	119637	100	179540
282744	223716	21660	22	38962
167518	284188	19381	16	31989
206901	151755	24898	39	71605
257944	115573	62634	7	16456
230300	75632	25216	99	158322
70607	308651	87441	32	62105
179547	43761	87460	136	228851
276395	128136	88514	139	261414
260060	2604	69694	81	135821
116179	43717	73620	133	238735
256469	309702	123980	161	250140
22390	117004	72895	85	153296
159261	228273	47898	48	92102
255886	207077	37106	6	14479
119042	258827	77187	13	28370
212428	191251	33634	39	75689
184230	195198	26897	22	43074
186503	220790	43166	30	59058
88560	244463	37361	3	7626
212685	22594	30422	39	70598
129964	131955	67490	17	37867
25019	294304	28962	6	13194
35889	35278	11969	1	766
211313	11145	23683	18	36794
90043	289407	22540	18	36319
304865	265893	43110	23	48575
57289	203448	57977	81	153050
84871	160209	22165	3	8034
73685	302092	26441	57	82835
1142	198337	107946	80	145299
64270	203530	81425	88	145561
4444	246378	87418	95	170660
73242	186537	32267	3	7149
115799	82547	24209	21	40069
66635	26603	68555	4	9736
290417	147377	96656	172	295873
75633	84977	68003	9	18884
127394	145311	24703	9	15549
182863	73002	25586	30	60050
160564	276265	30565	24	48105
23339	292868	22962	18	37403
193491	108857	30593	28	53038
4690	99548	30905	40	68652
295342	27237	168075	155	279926
60355	286876	62069	55	101563
99131	264670	76558	77	133437
57633	213367	74282	75	95859
146816	225099	11935	5	11864
127579	290166	93701	43	82115
215672	33524	86840	97	172714
150416	28578	78478	87	155648
262091	294294	5038	4	7255
217270	308050	67890	145	272849
75072	118323	147419	89	148375
197058	302816	16759	7	14434
102216	240888	45538	12	29501
180719	235410	31869	52	93129
196581	260173	36224	52	59115
137541	100810	73557	115	199297
52643	199027	149323	84	150755
308481	80770	32717	59	105866
93110	221928	69467	113	161441
170788	87400	42859	46	80774
289102	103320	27280	22	42337
126856	76588	80380	62	109824
160967	171656	20752	14	30178
120588	124235	162479	180	291824
87232	226568	164480	76	135156
121626	18997	105180	136	231512
170502	174888	60239	90	156478
68397	258543	119522	149	240950
186927	283523	9481	9	19170
143013	25496	138034	143	245347
114156	70994	178881	154	290392
33975	294894	50821	28	48397
195852	43687	40475	128	222548
109671	103181	21332	3	6427
107082	127471	74709	105	196436
66028	149095	56524	58	105738
46190	159674	83682	66	118724
223707	20785	90822	62	112345
81084	36545	111497	40	77353
73697	213132	26823	18	36308
286137	35802	60922	77	143460
299611	88193	48503	78	137381
140585	233424	62571	51	93822
85794	115786	75560	85	158735
129200	87748	65131	73	131586
209033	134809	29744	3	5926
168925	103829	47610	46	83745
145851	169626	31830	11	23798
187926	123391	31292	13	28730
217343	126596	79145	123	233485
191537	22078	50169	5	12192
89136	230314	82127	62	112714
92017	265895	133371	27	55519
236268	45551	115403	146	257398
76536	289748	37427	36	68724
257523	180427	78909	75	85033
111263	22655	72151	31	62832
59810	244689	95600	99	175122
64389	104203	92820	86	153637
57609	143637	71770	28	54761
181636	160349	25072	40	78295
264635	163844	44532	92	170693
298260	143531	21486	20	40173
192719	213136	25208	31	59554
290201	64464	58691	124	213114
55549	259197	60086	9	18258
2271	144746	85748	19	41697
1919	67222	202769	141	246554
25948	289121	39936	19	39171
172137	310640	24812	39	73328
200908	122924	87160	165	254318
173823	23111	34356	27	49246
34335	150811	77563	72	117875
59434	256770	62140	22	42860
107401	81736	136848	157	254418
32573	105373	84468	21	44355
633	32498	140608	138	246830
286181	296676	8734	12	25226
93301	152634	65856	14	31336
106332	194027	39183	19	38763
113233	292864	29921	19	35752
204994	137979	41440	17	35869
184681	275586	21643	17	33474
93525	211143	106613	62	97881
307815	7031	33818	24	48234
216186	133311	31242	5	10616
11254	119516	59025	88	165257
167382	196428	39231	72	122659
72854	261490	28576	3	6513
6647	187532	46548	58	102784
172176	285872	107918	143	263057
51455	204440	54004	17	33391
32133	216060	86176	62	110186
177201	200914	10751	9	15695
36185	128513	162097	161	296151
290244	16121	35933	39	68025
132369	200787	27910	7	14521
285774	109585	41715	59	107035
41620	21516	31692	3	6577
14349	216131	31342	17	35947
108722	60271	144686	152	265936
225030	8799	56511	120	200750
59972	222356	60277	59	107106
95969	177890	55340	12	25326
96595	90684	81944	92	175762
286367	94444	58165	102	180937
226874	115750	37114	31	57665
216150	110844	72660	87	156260
244275	46889	58706	16	31914
216733	40092	91390	158	278148
103351	93754	68817	140	255355
225636	296570	19498	23	38154
278998	98503	69896	150	220549
237684	74351	144454	150	269524
19200	18473	25154	19	36296
132495	69736	63222	5	12181
90166	225757	17408	8	16837
172452	288878	11109	2	4193
154995	180580	43852	26	48924
179773	131763	88658	125	193854
266267	210009	13506	13	27268
136108	58835	81936	106	192835
248875	37600	110853	38	65951
267693	80133	31681	14	26930
133455	73791	116283	111	201220
66884	23097	73063	7	17460
139636	80178	61819	64	109546
134908	133964	21609	1	2639
249886	216505	36767	82	147794
123508	94149	18851	5	11049
246720	184468	104982	46	91155
153950	152638	56313	75	127327
233756	291766	15327	7	15367
256296	138168	91832	14	26048
180644	263140	23942	12	19470
250268	97319	13316	2	4061
10778	111170	83053	111	193483
217964	203920	1348	0	204
52992	209853	65259	36	66984
100877	227412	22601	5	10130
206957	176913	37627	62	99838
108609	269322	112740	6	13622
249280	165934	35568	14	29448
283889	296739	112009	156	302732
247885	303017	72978	71	121570
289299	214144	4498	1	1550
306645	127519	153200	182	283946
30358	148732	56684	63	111404
266272	208160	12662	8	16967
4799	260687	65881	99	179067
28047	236285	106886	36	72060
249776	8196	67014	82	140743
271199	102585	13735	0	1650
256281	180336	98270	48	93930
304786	115312	46615	76	129114
64782	119989	41859	7	15353
84568	153431	90039	102	174919
71937	202160	21349	9	17197
303989	10937	6972	14	29515
242590	241187	11503	4	8240
39353	19472	142056	111	194173
45287	203347	62441	104	195807
76492	309684	61109	54	101778
47250	179295	78459	18	34981
93260	281872	73286	58	101193
60083	158343	105600	34	58968
142164	201470	28904	6	15730
56964	194836	146870	137	213376
289217	49929	105832	139	240564
60031	263175	21499	2	4672
233923	87067	30735	138	213123
136223	130281	10185	1	2322
150338	296063	13465	6	11552
256524	286536	52005	57	100698
210758	105316	43232	83	133521
204156	252698	16090	8	17901
32155	222487	70182	14	29688
62818	37193	46064	14	26704
179949	105420	68825	81	134014
210666	189608	31802	37	67922
28383	130256	55050	3	8782
213221	151612	25113	51	93121
289207	109754	64110	70	130881
97111	147432	145971	168	263478
186889	247308	188449	163	304470
88860	132713	40358	5	12159
280443	120328	49516	35	59744
18392	241566	31500	48	91310
247161	299730	24916	70	104956
94598	146924	28305	19	36639
35423	145559	57321	7	15949
186615	94926	37883	79	130446
219551	79177	15419	16	26226
114965	196947	39955	45	84554
91876	85990	133388	176	283196
198459	176745	15422	17	35518
110205	218093	90850	16	33965
261351	117451	94629	60	99702
154528	245890	5938	1	2164
261983	241567	20368	25	48080
55166	122975	119261	122	223509
158128	135549	9342	1	1620
158154	181466	49939	71	130713
79745	54566	229984	164	296058
89106	216988	41664	58	104407
312006	137044	48253	65	116343
141160	131894	112979	143	217993
137711	177497	42649	21	41894
260245	266477	56970	33	55940
5187	163912	73374	166	280996
216878	45788	72033	132	250628
127772	181920	45476	69	109452
201516	311689	34365	132	233025
278259	294307	6207	1	1999
201435	267122	34945	43	81827
13903	259286	85417	89	158823
230104	100196	34004	78	138398
221607	217605	38510	65	105833
129930	124000	8470	1	2820
212866	68825	29876	5	10274
199999	182456	17606	13	26656
228872	122292	18791	8	15371
301615	166197	24452	19	34895
22628	118906	80414	63	113159
6985	109929	94404	140	201528
110600	71315	98799	10	21506
283058	78524	42719	67	120057
218613	133357	50269	13	25817
112998	166613	39683	33	62044
230436	47907	119854	148	264523
1005	99678	145396	73	132048
282259	197563	73312	92	140529
123596	63937	114137	46	87923
173491	132888	34540	35	66214
14486	10846	30355	58	94482
287736	4444	6791	11	20593
57031	37163	67659	8	15895
155260	209788	38240	14	28504
174523	77421	63111	59	104389
221533	156827	151572	29	61284
276104	40036	61763	71	123992
17211	147398	148821	193	303553
144871	198399	33446	73	122083
69324	309067	93669	86	149072
159815	254071	144037	130	220194
158279	160744	26591	3	6484
20526	23102	77032	90	152566
249221	45696	92698	125	203506
103797	277198	173604	168	310112
231433	185309	27304	47	91687
153996	280612	39010	8	17414
175668	248739	81484	89	171430
15132	229225	4239	4	10498
101151	153560	46219	67	108334
99345	57094	61784	12	24277
134723	150532	75229	30	55150
180256	187387	15448	43	78429
235772	28776	66270	98	146761
113532	203957	85149	73	125335
92052	183302	151637	68	125584
282308	45078	114444	159	283939
115088	299352	19683	23	48970
310489	310021	12126	43	77533
164966	208516	10563	24	47083
37565	85646	95747	43	85960
275398	43411	82738	105	180429
211385	68930	90653	120	192052
307236	295524	20014	11	23961
252356	61527	62880	107	196103
219879	211470	51633	45	80368
155457	9250	26835	44	80530
265238	195866	24140	25	48394
133622	154209	68146	30	51971
144583	300564	24690	28	53136
61786	211666	62798	151	219733
150707	221718	27167	27	51395
125915	45559	142209	68	128460
224552	146699	17255	7	13819
143698	292813	21814	10	22301
240022	290815	15369	12	25198
237443	166865	24837	23	47183
45488	298016	75541	43	81404
196483	41028	35828	84	140675
150690	151754	48765	17	33877
151361	21360	198501	172	296849
208455	290286	12015	3	7994
28052	222789	247888	166	309755
2004	76215	64855	49	96159
168149	306516	38795	87	162402
104752	158561	50292	2	3715
159768	182786	84238	20	39900
43805	175074	69314	73	135944
101073	67974	102138	109	188278
261069	5118	82705	119	205062
100594	26286	108153	146	264152
190795	163987	30826	34	62961
13233	306806	131133	122	207706
172441	213160	28229	33	48369
21197	106560	39524	6	13980
204105	304059	14554	4	8422
161135	287829	92548	44	80416
59862	302010	49448	34	67343
249828	50651	82678	89	157577
57965	91087	110545	146	259231
93893	30103	55142	12	28953
48383	117633	32796	2	3085
75633	119961	43629	7	16284
233151	97720	60680	102	189674
278850	162026	70566	5	13758
285619	293433	6282	4	7875
178226	133384	51849	70	132466
161142	250772	168143	205	302159
35069	242672	52014	22	48418
89462	11137	91448	52	95371
271860	3770	65681	104	187957
103040	196833	48061	24	44134
106148	197711	65399	35	68113
81840	140684	97591	33	66179
109678	255424	25133	4	9354
141594	176132	38045	22	43259
208481	238122	24720	43	79828
39000	203657	49995	71	118176
197025	116750	14339	1	1933
44506	205876	79193	116	206050
37128	117614	91014	30	62797
24966	55752	53749	9	20446
201663	180833	18732	17	35457
113434	120098	101968	74	126217
266661	104593	59356	123	211694
124148	301676	94021	43	80106
178275	70347	89944	136	190637
244685	187649	66857	81	139669
147094	290881	16955	8	14627
155832	88197	30677	42	80115
66177	243782	96355	71	110784
31240	245985	35671	15	31596
96952	186153	53275	28	54428
44149	81964	59924	5	11085
70669	222751	108627	93	179902
177398	251519	28594	44	80270
142086	70645	78847	131	230451
85904	296337	97130	67	122036
308576	86134	55432	136	240644
56633	114592	41533	7	16916
148293	172778	51810	5	10839
87518	251569	39879	7	13491
86511	129245	84852	82	147963
74820	145645	56112	18	37459
49369	161791	135172	76	141078
296822	293255	16901	7	16211
200622	53686	45453	32	57493
18039	232738	117284	32	64972
247314	28735	155821	28	56294
121244	283360	24699	8	17084
267007	230778	32871	27	53271
262757	10941	25456	14	27870
121004	148232	62003	17	33301
196305	308591	53725	129	224208
68216	48985	60975	7	16801
214421	44301	76515	99	173765
290157	302573	20923	31	56855
16994	13368	66718	85	140990
185827	194816	17638	40	71979
46063	117533	118524	137	235549
16809	139922	42491	6	10902
298553	212216	31815	64	119203
128763	279280	60153	4	10858
74684	249883	23359	50	90550
37195	93743	122348	140	246601
122443	134094	63209	5	11520
208036	61895	53269	89	135881
110514	140302	103955	3	7547
96513	47508	73255	119	206080
218243	242587	29288	87	146938
258034	310384	87497	33	65486
87124	53435	41389	4	11390
160167	160384	21252	6	14742
61814	17674	67967	23	43548
303498	311124	32897	27	53511
9489	138127	96866	93	171722
142756	180475	24600	7	15128
284358	89033	43086	68	123298
32597	31636	20367	3	8645
261353	225197	42659	12	25176
258257	52019	50822	5	10882
208013	150140	24903	34	52439
207956	160928	49215	10	22805
214854	165451	19179	25	49450
258923	144352	57650	39	52306
214058	177200	16849	7	14684
65525	229457	48387	27	49545
187435	195226	9322	2	6813
253571	216604	88708	98	177908
106505	231752	53469	16	35144
17077	181671	34045	34	65832
17111	79604	43461	41	76844
99587	85245	152254	162	291855
188585	55817	64276	108	167030
176643	101410	42883	29	54727
167074	278282	14883	4	8149
132094	31884	40596	10	22695
90960	32533	70947	4	8087
27084	292352	112235	48	80494
94935	122554	123840	153	287384
109226	128118	121701	150	283785
243928	118078	90064	109	187557
71214	217516	25395	30	58708
8067	302946	28244	7	14534
185161	108020	43066	90	133460
23898	104573	71989	105	186087
146909	192394	24221	22	42943
302511	198754	30878	20	39579
104678	297697	59836	27	51807
223790	177899	33090	40	75427
140074	251588	50646	12	25379
66436	180067	133566	47	88489
196206	299339	9932	5	12637
270433	112586	140649	141	265306
217839	65965	36696	69	120388
39483	261775	54375	10	22791
25436	249853	126875	62	100497
310966	253926	91569	119	208203
272634	186966	37223	5	12368
310622	205435	20602	77	124589
2849	189672	49698	67	108490
207994	197490	40539	96	175794
270579	42387	112857	133	224655
311123	246895	24546	19	35553
84912	34042	59453	37	69366
201122	151171	29695	47	88494
132254	302431	54698	68	123322
163655	256290	122470	130	233470
223243	77523	39343	64	106757
274317	125728	108760	132	223918
77930	132291	76433	6	12602
203163	114526	61323	85	153309
189230	173906	17927	29	55882
109712	264539	70804	93	161403
55574	77951	126531	95	151091
1725	14868	12287	11	24187
237749	132809	23962	11	22015
160169	208597	18164	6	13952
113654	14526	77055	13	25813
26654	60022	79889	80	146444
283445	57338	37457	33	60937
65912	18561	43201	26	49068
296559	120195	41077	143	241979
233452	281111	11963	6	8942
47138	236289	54392	22	46233
134494	17242	114114	129	216557
29251	264976	70776	92	162588
77273	228870	35714	24	45851
28188	296513	108937	32	63823
96919	50867	60838	21	37196
80778	175377	25037	6	12457
296330	203451	21760	39	76995
186299	12948	77239	98	175792
166385	86914	70213	82	148425
166016	14141	29161	7	14304
120479	190457	28840	4	9532
62254	288796	41101	28	49726
226266	154559	17553	7	14379
231762	108712	118633	136	240489
232333	129802	89734	101	185700
27598	48798	83373	6	15496
209122	113794	28771	25	45080
131322	139046	84225	23	42235
298773	216870	19993	51	88725
250895	109439	175209	170	309488
182028	69647	88662	87	160210
33979	305544	51913	24	42220
153168	8548	28528	15	31528
93442	116458	20624	1	3139
7640	152982	31426	17	33106
18754	112988	98105	60	109211
250483	107845	21969	10	20400
56277	2276	142193	128	217983
167007	217766	17203	9	19971
137422	290157	31900	13	28234
206153	159476	51455	73	132512
248910	206115	87451	48	62469
59992	45018	44238	103	183542
153912	185983	33918	29	56234
253516	130708	159295	137	247930
201577	126888	55549	79	146782
309257	67034	93369	161	277250
108245	243416	36153	7	15959
126738	245778	73830	5	12554
24083	26832	97453	66	116738
232872	190320	25832	26	49247
27813	148818	104083	60	106867
180843	280955	80554	128	190467
241749	208214	19638	29	50860
242528	1627	50842	73	131247
133764	158101	70406	72	124363
114992	246452	103911	98	179685
246261	250301	22709	20	38638
292948	160930	55875	59	106380
308738	187919	34041	81	142751
139845	178297	61585	38	69836
127866	28730	115096	139	247712
111303	213331	84928	74	130135
55140	231723	62004	29	49424
239962	33397	58711	23	43508
197586	205469	9705	28	51882
204531	212513	10762	2	4971
205286	101593	35672	106	194077
143149	243132	40763	36	63857
33290	87518	64504	9	21856
50785	82928	80221	87	148605
181218	164135	95217	145	270862
163157	1285	125752	124	210013
216065	151595	25905	29	54599
235534	149962	24295	32	62055
291631	243139	19320	20	38905
224655	271114	34660	60	104531
264850	26228	37491	11	23559
190343	224134	39957	71	129471
20449	223316	50139	25	44423
76920	129517	63565	14	27406
135613	134180	58154	82	138888
191519	166939	49320	16	31061
8442	281693	69165	122	218263
10253	286453	16066	13	28656
204976	43178	47554	134	210435
252720	58853	64032	94	161140
87370	210665	42633	74	121617
170554	270686	41349	22	41725
280525	218720	18186	2	4602
41144	201776	83586	120	187110
199311	30250	138372	175	310871
78273	291579	22501	25	47134
770	231729	128901	58	105788
121872	149149	42093	88	164025
273392	203121	35125	40	72056
154495	271567	57245	142	244047
274454	96601	33039	138	238782
41115	244656	102458	66	119528
233160	185159	29393	49	84439
79	193138	58009	49	92966
303954	247233	136422	170	305879
9648	156662	57363	77	137127
54640	218104	89908	43	78117
92980	102038	127941	80	141267
147254	78742	131312	158	291499
165225	141110	30451	19	35657
109788	79814	52332	19	41999
275967	91797	78495	92	171979
307248	288037	13598	9	16490
224569	53034	74091	77	135709
227993	289010	9851	18	33690
301011	39448	72540	80	142150
128918	115455	96913	155	283069
42816	194822	63750	97	164641
185218	257465	85110	89	156699
111597	122056	63092	8	18653
41121	66110	154653	159	293505
161057	111033	146717	42	81674
91507	99843	90730	82	149860
12303	34841	97888	144	203208
301126	61944	56603	91	163031
238176	209528	7090	3	6330
288434	134255	41130	39	73690
31565	83396	84953	85	156834
98839	203895	42019	59	104415
121033	291467	39724	26	50487
99737	5375	71351	152	265959
287393	137053	41482	70	124379
129109	129069	164378	154	289336
206469	112542	149057	158	266042
191070	145449	36306	59	98953
209795	200854	14893	15	35432
277172	72353	136790	32	63218
26085	74190	75631	143	255353
55483	295267	58958	14	26393
280478	206872	42188	20	41759
167995	104673	74628	121	210193
113896	226774	22976	13	26331
275776	32139	82157	130	239910
106553	233786	49521	9	17273
170152	32552	77515	51	85555
68120	90460	152597	165	286314
83620	84920	155887	120	200752
246592	295585	8598	1	4013
229326	51293	91047	98	180940
90049	161238	118275	181	286169
272480	266273	45387	28	54589
33989	115954	55468	16	32803
119798	270033	63217	67	112785
274297	74646	154720	148	283329
44547	84232	164377	171	288628
154741	178564	23379	22	44724
98458	190654	58596	69	121235
93459	118447	123571	135	206728
89688	102560	49721	145	255497
36145	93396	125483	69	130466
294097	11782	11377	7	15369
185022	8414	30526	33	61742
56873	38900	78794	4	7796
291146	94040	49929	105	188933
158179	53468	67397	137	241800
4915	201170	105498	99	144413
183003	174140	6959	1	2173
98357	53495	89154	141	213179
81675	44147	122325	152	265350
263225	24386	50458	36	71475
245583	285180	20653	12	23328
94376	280740	92126	109	184874
16652	181625	11334	4	9732
195418	64411	35922	71	126214
309296	12317	51059	16	26354
17164	123377	61468	30	57604
141226	25166	24989	3	6485
176052	277265	202004	159	309828
89663	215346	22466	6	15964
7455	144177	61374	72	127595
260926	188019	56928	51	95659
122632	77310	56692	69	125351
213422	252308	12539	91	163847
158018	156540	14518	1	3288
268784	109058	50604	91	160297
132210	71352	89042	97	167423
199729	226979	20383	18	34322
210163	158381	31404	27	52098
6725	11673	20645	8	16799
80081	302486	77206	89	166207
221015	102929	54118	76	135096
228115	303339	12634	8	17705
5218	215901	182593	37	55111
80207	54899	78865	118	205536
153660	250442	57122	64	109686
114123	105956	35056	23	47085
88295	76534	58155	127	232759
96861	197594	72554	83	100294
77973	271995	151362	163	273352
217509	11956	31101	34	66156
251097	85968	90723	148	249680
246042	96190	23910	114	197353
95422	35940	73336	16	36290
186196	164547	97010	139	263810
148814	58671	53519	17	32483
60339	2823	92240	84	158283
225373	83084	50078	143	253754
51194	36796	171692	157	267490
116906	67726	119024	162	304020
113985	135982	240814	167	309896
83006	128271	45023	50	88962
163148	193725	38424	36	63888
225603	200558	25548	50	91424
177461	39534	73037	83	149561
56635	110086	148184	144	280095
41872	235926	46998	42	57888
210609	263118	28304	18	35029
4792	253634	99274	143	258849
311868	162499	62985	77	145943
274583	259929	71496	74	132628
26082	2549	70566	128	211287
104592	250616	57749	38	71694
199664	128012	46362	71	115332
271372	104795	120617	137	240939
303480	48092	65450	123	210399
122994	17462	87345	24	50751
228539	218186	32230	85	148184
284795	286864	7722	7	14334
74430	216296	159961	57	110164
188821	231020	20386	7	16902
57906	64725	34070	4	7025
267554	271811	73090	84	153912
261231	242705	31913	7	15199
98400	271149	31565	5	12091
253688	296710	69972	41	81006
97230	120639	44202	48	91721
209507	121756	30887	21	42443
238581	162082	50426	66	110132
95258	199455	51491	29	57272
254464	60020	149928	136	209475
118607	305979	31192	20	39107
92117	130758	66028	3	7307
92292	241464	80975	59	100988
150071	35123	60760	66	118889
281534	38508	151107	155	247676
307238	129805	84145	93	161259
160892	128820	123908	164	292007
304896	235384	6611	4	7222
100715	280649	102330	127	218990
64151	24419	65736	63	103664
204167	280526	55279	87	146442
148623	273157	21011	6	11764
138191	145031	56551	58	92170
39443	232283	68746	26	51402
156031	53261	111316	167	285428
133936	82197	44891	20	38300
252010	218165	30746	71	126163
23981	78806	65035	154	220879
154052	189819	22227	5	10453
252078	87181	69188	127	196847
257911	217677	85072	61	101225
20391	80063	113880	147	234990
247136	36184	101545	119	195020
18620	216297	54624	95	157235
126526	292573	24707	53	86533
231478	277047	38034	32	53196
200305	173939	11089	5	11476
182435	59109	52285	78	129418
246781	146092	30554	31	54444
145089	71135	41894	65	110879
170535	121171	37073	6	14062
88489	239263	47993	62	94750
37073	142543	75307	106	183020
171141	82769	70072	80	135819
44557	253349	103520	140	218182
17958	167690	75703	75	136315
270460	8622	24818	23	43459
209901	256708	6980	4	10301
252108	208813	19538	64	98700
156901	121951	12960	1	2962
296506	73806	138848	145	273992
285410	89245	75916	99	175028
207168	54069	68248	103	180504
213454	140437	48884	15	30051
167786	245792	21492	6	13069
202214	242244	18595	26	48164
67369	188919	93222	92	163108
17781	218410	99139	106	185252
63502	271690	77057	97	166933
20137	147396	128337	149	227575
60033	267905	48196	48	89477
113831	234545	21123	9	22058
185538	39567	59009	47	80300
215090	43331	54025	90	133723
288679	51991	49325	70	109487
82011	20933	161372	146	257310
224063	151536	15875	6	14863
199488	10273	12500	6	15362
291024	300417	79059	153	284382
197289	275408	26758	13	26327
9008	250908	17192	18	35468
242099	209219	17712	36	65337
243625	48656	64977	87	143727
134528	130937	10650	0	868
263308	131729	99301	119	213610
117030	25684	69678	62	113393
275531	137181	38991	24	45438
93210	123783	77336	26	51931
203412	99215	56011	108	196106
51475	175774	63083	28	52101
60715	110953	55264	10	22976
253326	241096	71850	51	84430
219041	100028	89573	130	224620
280609	151448	48433	28	52671
203884	200597	14276	10	22708
67060	73278	79505	8	19024
58148	123767	62935	20	41320
206075	69718	87512	98	183259
32871	283402	70256	26	50858
160789	233506	30135	29	54837
293454	259203	52118	68	119560
309090	94800	33760	42	78819
188455	235865	12832	9	18659
11727	243062	17142	16	30297
124212	274887	99562	17	37066
261308	261401	52585	53	99432
105654	168421	54791	84	152321
140554	23977	31359	4	8356
279298	224511	43428	25	46448
67332	131633	53246	4	11066
307421	248655	82172	84	121657
6854	172182	39243	8	17262
275946	239231	25978	24	48798
242425	121790	27867	19	39998
127081	30995	41947	34	63742
65340	1140	24569	6	11557
71562	147584	155723	159	296040
128618	222914	102010	62	114791
178985	211303	7884	11	23684
268377	50671	98936	147	269659
292436	254759	75156	138	248470
55421	153104	53691	10	19511
55091	274931	83773	89	160028
109834	301242	79863	150	225686
251382	70126	74310	48	88820
103313	107504	35599	15	31296
299915	303471	11424	4	10020
87852	48354	61401	17	34854
20874	232037	70422	22	46102
169392	112609	120358	103	189531
262116	97014	61343	130	192756
37603	245890	48551	13	27067
189736	252161	20350	4	8039
62091	267787	76306	30	51730
103118	1755	48436	39	75687
207783	24150	24677	12	24804
105329	297921	53352	57	103172
136815	52996	104728	131	242513
304568	187428	19905	20	37181
81486	58689	98023	151	275848
163288	104628	82437	131	219713
292172	103634	60407	125	212561
244360	283599	38994	12	24777
158946	122806	70081	62	107884
294595	311605	7505	4	9926
300813	249468	60472	81	152506
306403	25952	34905	17	34364
81528	72146	36603	10	23777
33133	186293	116384	76	135236
238701	219140	47293	52	96262
178237	38955	86209	131	192702
227008	290425	9104	9	16545
196322	160536	158784	150	282550
84598	79924	45980	5	9260
292701	173658	14389	10	20206
264091	170690	52266	81	137468
86195	168830	33905	4	7374
177811	113525	68390	149	271196
76718	70633	159104	126	231813
166366	107174	80074	118	199822
198749	129615	50815	73	127824
219002	242691	50873	27	51098
255759	91671	99989	159	244576
148389	66603	186989	145	252830
264838	125872	52724	121	215438
173394	92387	64452	81	132964
228188	132272	52637	87	127549
227254	244147	53320	51	92007
123852	143571	17523	15	32081
111918	62887	96144	30	60556
81639	204149	45610	96	164829
74012	210892	61984	42	81941
300296	241062	8555	7	12854
153574	19796	56876	34	65061
249197	22827	83458	75	136535
196910	204054	20870	8	18093
160510	2229	19890	8	15554
164856	230655	26816	28	54258
50498	284364	52671	27	47138
56702	29700	64083	10	23207
283288	137597	49546	52	96559
250757	138876	203660	158	299274
165743	27975	37756	9	18817
263039	123848	55434	71	98525
293704	32041	76253	142	249434
158606	181724	73750	33	58522
263231	166460	41444	39	72065
134075	242666	47264	57	100151
192791	164253	102581	148	280493
12173	220927	36918	6	12582
198786	219065	32597	32	54082
171024	137054	51210	13	28627
155871	114291	57166	146	266792
37605	235276	45800	15	19775
88346	193744	59838	73	132757
140160	44872	49416	6	13887
294912	260920	68745	83	153243
178775	284675	21267	32	58633
234242	26769	117462	161	292221
221895	97080	49381	115	197583
20579	224234	35981	28	51368
184222	83647	149842	151	277315
10369	173703	19358	13	26848
842	6677	78829	47	88769
190665	163631	50139	130	227749
68233	272118	104865	94	162768
167016	213571	6878	2	4912
3416	234117	18679	10	21308
131062	86397	135579	155	283571
291183	26934	102294	104	179209
125494	147924	73861	49	92141
234662	100669	68162	127	210460
253081	222109	137603	71	129200
223569	163174	20994	4	9092
171379	191510	26825	6	13331
221499	277045	111854	10	19530
290336	31288	212983	152	285924
218697	266194	144497	155	300306
295870	302827	34653	74	141066
40171	170504	100765	122	203531
8044	225367	44216	50	79149
53083	310705	58223	28	53191
98419	196479	39737	31	61301
294390	68912	83087	74	139547
312230	306309	17343	51	97325
251499	309965	11523	6	12041
145798	96705	26662	125	219598
41514	8508	41464	2	5922
114112	136988	26111	44	81730
2867	145959	18201	5	6275
72682	117039	26418	5	10123
234892	184526	16291	11	22427
245774	101033	87779	109	191675
52765	20229	187956	137	231981
40010	199495	69324	84	148412
1321	304671	28013	11	24710
269184	31949	78669	84	146168
48271	151088	52285	44	79105
99797	92628	50958	27	52380
230749	2036	54565	40	70447
83565	243881	141248	83	126377
249165	34563	57186	8	20705
33050	22396	82804	12	22650
48642	217536	85817	80	148955
138865	119091	107667	3	7750
67343	111733	143486	128	221943
172897	307914	55310	50	94336
196761	79296	22734	31	56999
260345	250154	19046	2	4452
22285	297001	149522	39	70827
165182	184169	18712	9	18654
21426	45248	74547	130	241838
91467	283171	52025	15	22961
296291	87227	158757	158	307310
63472	91763	107267	148	223185
50853	261424	71194	11	24475
203941	52322	68101	98	175905
56787	125865	60856	14	29500
35823	309287	55082	70	129218
43169	20232	84337	73	127007
223916	253820	100951	160	249067
