Node1 	Node2 	Distance	 Time	 Settled
209956	148291	74156	77	61194
177361	67048	82203	50	50858
158115	149764	33015	31	26171
155142	160484	3029	2	193
52880	305102	56524	53	52479
290182	115892	34561	54	54522
262744	214829	16918	14	18344
269900	49621	78600	75	78537
117833	151823	28983	37	43427
267197	186406	9297	8	9204
26476	180488	30812	22	25610
267776	66017	44289	37	43345
63194	260337	42520	16	20232
43227	185283	22101	17	16145
72600	300135	24411	4	4843
176070	44958	30685	15	19227
29658	263257	37469	43	32302
225002	170423	32171	15	19204
172034	158709	18672	4	5836
281516	104251	89805	121	104662
57040	39524	16580	0	1166
306230	112717	48914	62	61939
243711	12750	84317	81	82572
281839	234963	13064	16	18348
253090	81885	155976	98	97141
274987	248509	84558	83	86523
145045	165667	16671	15	17366
96554	168776	50366	73	72389
237341	241793	12583	15	17074
59000	122168	109382	58	65336
19308	133669	37531	42	45854
147889	33322	90569	56	59359
251907	34629	58622	89	86844
154327	161692	119750	77	58738
146713	293307	17360	13	15452
175520	105578	22276	34	36755
33488	216496	75394	81	69218
205557	257532	64618	90	76917
84290	64870	33705	7	6409
158490	61706	99485	89	95009
282744	223716	16479	14	18484
167518	284188	15988	19	18824
206901	151755	20018	48	40502
257944	115573	51493	13	17023
230300	75632	19254	25	29859
70607	308651	81669	27	31279
179547	43761	63537	73	78038
276395	128136	67680	24	28419
260060	2604	50480	51	52080
116179	43717	63609	66	67820
256469	309702	105817	33	38462
22390	117004	60531	90	89485
159261	228273	41360	62	59009
255886	207077	33747	14	18230
119042	258827	69463	60	59155
212428	191251	21451	21	23797
184230	195198	19551	30	29176
186503	220790	35701	40	43831
88560	244463	26886	5	7823
212685	22594	26600	54	51915
129964	131955	57868	19	24409
25019	294304	22579	16	18014
35889	35278	6271	0	261
211313	11145	18883	26	28613
90043	289407	19424	30	30522
304865	265893	37976	37	40969
57289	203448	50501	67	65233
84871	160209	14875	4	5520
73685	302092	22469	35	38752
1142	198337	88185	57	59854
64270	203530	62737	75	76698
4444	246378	73905	55	58806
73242	186537	28910	13	16994
115799	82547	23766	8	11456
66635	26603	61451	9	12602
290417	147377	88305	59	64598
75633	84977	61630	24	26606
127394	145311	19825	9	11631
182863	73002	17924	13	15718
160564	276265	27209	36	35983
23339	292868	18879	10	10880
193491	108857	17726	11	14432
4690	99548	21345	30	30386
295342	27237	96629	32	35832
60355	286876	51698	73	69880
99131	264670	64294	49	51076
57633	213367	63008	86	81999
146816	225099	11245	5	6566
127579	290166	82401	54	57107
215672	33524	66866	60	55221
150416	28578	60525	37	45292
262091	294294	4927	2	2109
217270	308050	63850	47	50726
75072	118323	120247	40	46602
197058	302816	6817	1	2210
102216	240888	36295	36	38149
180719	235410	23412	40	44153
196581	260173	31062	21	24621
137541	100810	63506	75	77669
52643	199027	132007	86	84245
308481	80770	22290	40	39917
93110	221928	60025	79	79594
170788	87400	32646	50	50417
289102	103320	16265	16	18794
126856	76588	66521	39	47981
160967	171656	10581	2	1912
120588	124235	109934	72	76869
87232	226568	146079	78	83228
121626	18997	86087	129	114972
170502	174888	48313	76	76756
68397	258543	97880	126	119419
186927	283523	8847	8	10043
143013	25496	112916	69	72541
114156	70994	102023	124	95445
33975	294894	39927	39	43004
195852	43687	35985	28	29469
109671	103181	16751	3	4388
107082	127471	65961	36	41268
66028	149095	48567	90	75843
46190	159674	70453	48	50597
223707	20785	71818	30	35578
81084	36545	91270	49	52428
73697	213132	18543	18	21957
286137	35802	48148	67	64755
299611	88193	29560	25	28845
140585	233424	50500	69	65669
85794	115786	63905	77	79813
129200	87748	43049	46	31722
209033	134809	21631	6	9186
168925	103829	39418	62	58108
145851	169626	23276	10	12702
187926	123391	22400	20	23535
217343	126596	62085	12	16660
191537	22078	37932	9	12682
89136	230314	65308	42	47049
92017	265895	115229	60	57925
236268	45551	73918	67	65478
76536	289748	29086	41	44949
257523	180427	58350	62	59782
111263	22655	63399	50	51498
59810	244689	79196	130	105924
64389	104203	74046	117	104057
57609	143637	54406	42	41677
181636	160349	14531	17	19327
264635	163844	30615	45	46795
298260	143531	16028	22	23517
192719	213136	17183	28	30311
290201	64464	45368	50	50991
55549	259197	48773	18	20717
2271	144746	75123	54	55235
1919	67222	183775	130	127176
25948	289121	34354	38	40078
172137	310640	18149	16	20343
200908	122924	65371	17	20938
173823	23111	29213	41	44119
34335	150811	66662	72	73746
59434	256770	44852	7	10432
107401	81736	112732	121	116516
32573	105373	69935	23	27918
633	32498	110930	68	76132
286181	296676	7379	3	4390
93301	152634	52451	28	31743
106332	194027	24006	12	14484
113233	292864	25559	31	31908
204994	137979	21580	9	11195
184681	275586	12889	13	14115
93525	211143	93631	75	75435
307815	7031	19447	13	13702
216186	133311	25187	12	14972
11254	119516	50687	70	70927
167382	196428	27552	53	48422
72854	261490	22029	8	10907
6647	187532	29273	30	33850
172176	285872	78135	12	13088
51455	204440	42282	24	27698
32133	216060	69395	77	78592
177201	200914	9079	12	7915
36185	128513	140723	109	102536
290244	16121	22636	19	22247
132369	200787	18691	5	8261
285774	109585	30815	57	55963
41620	21516	20799	3	5059
14349	216131	29909	16	19344
108722	60271	121100	138	124216
225030	8799	40598	76	71262
59972	222356	50343	73	72123
95969	177890	43971	37	31578
96595	90684	66287	94	76409
286367	94444	45081	69	68185
226874	115750	33885	38	43345
216150	110844	52359	67	59871
244275	46889	40748	9	12432
216733	40092	72698	99	92718
103351	93754	49641	18	23292
225636	296570	13192	20	20397
278998	98503	59385	76	80542
237684	74351	119501	45	48295
19200	18473	21496	7	9689
132495	69736	51058	9	12337
90166	225757	13355	9	12269
172452	288878	8169	2	1972
154995	180580	35959	43	45394
179773	131763	72970	71	76636
266267	210009	10623	13	12703
136108	58835	64985	66	66366
248875	37600	90048	43	48529
267693	80133	24933	11	13327
133455	73791	51852	7	10158
66884	23097	64504	14	18737
139636	80178	50871	69	66658
134908	133964	16384	2	2208
249886	216505	24326	44	43294
123508	94149	14099	5	7395
246720	184468	83341	80	80841
153950	152638	41253	40	43277
233756	291766	10464	11	12456
256296	138168	73950	31	35973
180644	263140	20387	15	20307
250268	97319	4904	0	763
10778	111170	68844	95	95461
217964	203920	1030	1	171
52992	209853	50522	40	44911
100877	227412	15738	9	12268
206957	176913	27851	49	43823
108609	269322	105701	21	15221
249280	165934	30700	12	14600
283889	296739	102467	55	54354
247885	303017	52202	58	53542
289299	214144	3729	1	992
306645	127519	93125	69	70389
30358	148732	44174	70	64573
266272	208160	9094	8	10522
4799	260687	61619	61	61119
28047	236285	90034	54	59420
249776	8196	41862	64	58457
271199	102585	12093	11	3541
256281	180336	75105	69	64472
304786	115312	33131	81	65336
64782	119989	27323	7	9914
84568	153431	76037	113	98693
71937	202160	16694	11	14757
303989	10937	5973	3	3038
242590	241187	8004	5	6357
39353	19472	108935	87	85823
45287	203347	51565	62	61389
76492	309684	51113	58	58610
47250	179295	71285	55	51621
93260	281872	58105	75	63056
60083	158343	94150	34	37605
142164	201470	24733	12	13947
56964	194836	117521	103	98325
289217	49929	86852	61	65832
60031	263175	17315	4	6022
233923	87067	24639	23	25739
136223	130281	9310	1	2113
150338	296063	10421	9	11358
256524	286536	38845	55	56954
210758	105316	32837	46	47691
204156	252698	9096	8	11728
32155	222487	50830	27	27444
62818	37193	32697	6	8648
179949	105420	51841	52	52216
210666	189608	23460	36	38906
28383	130256	43057	8	10637
213221	151612	16590	26	28849
289207	109754	49615	71	70248
97111	147432	130407	127	125225
186889	247308	127050	72	80059
88860	132713	23371	12	9518
280443	120328	40092	31	34935
18392	241566	20459	32	35313
247161	299730	22259	33	37064
94598	146924	21943	28	31658
35423	145559	48705	15	18773
186615	94926	27753	46	45740
219551	79177	11783	9	10329
114965	196947	25437	29	31905
91876	85990	106592	127	118395
198459	176745	14038	24	10609
110205	218093	69534	12	16841
261351	117451	83082	58	53518
154528	245890	3875	2	1342
261983	241567	15623	22	24961
55166	122975	77721	15	21054
158128	135549	8330	1	1258
158154	181466	42343	69	67899
79745	54566	192242	125	125037
89106	216988	23407	8	12053
312006	137044	38328	58	59317
141160	131894	89791	68	74170
137711	177497	37085	26	30465
260245	266477	47806	69	67384
5187	163912	56416	82	81723
216878	45788	62382	10	12513
127772	181920	35392	78	61772
201516	311689	29283	15	17989
278259	294307	4241	1	1330
201435	267122	19624	18	20209
13903	259286	70778	65	66758
230104	100196	20702	25	27398
221607	217605	27013	43	46071
129930	124000	6005	1	1256
212866	68825	26821	8	10004
199999	182456	13378	14	17037
228872	122292	11946	7	8729
301615	166197	20059	33	35788
22628	118906	72050	54	59171
6985	109929	63928	80	76669
110600	71315	85686	11	14933
283058	78524	29060	36	40829
218613	133357	34517	15	19047
112998	166613	32744	57	53189
230436	47907	96091	25	31475
1005	99678	123586	96	79930
282259	197563	59713	86	84283
123596	63937	94847	29	36423
173491	132888	28010	24	27237
14486	10846	14341	19	20060
287736	4444	5576	3	3581
57031	37163	59331	11	15725
155260	209788	29076	29	24813
174523	77421	47701	39	45805
221533	156827	127110	48	49082
276104	40036	48192	59	60968
17211	147398	128464	131	123965
144871	198399	29108	74	57651
69324	309067	75618	79	78552
159815	254071	116669	57	62501
158279	160744	17870	3	4624
20526	23102	61608	108	92002
249221	45696	75521	87	90966
103797	277198	135868	79	81833
231433	185309	22086	38	41309
153996	280612	16118	2	2815
175668	248739	66853	70	68374
15132	229225	3690	1	1113
101151	153560	30168	37	40617
99345	57094	41822	6	9221
134723	150532	60790	46	48670
180256	187387	9460	8	10040
235772	28776	55094	67	65065
113532	203957	68403	68	70636
92052	183302	129461	79	83322
282308	45078	95556	47	50291
115088	299352	16252	9	11275
310489	310021	10786	10	12742
164966	208516	8680	5	7356
37565	85646	68480	15	19959
275398	43411	63493	75	74299
211385	68930	71972	52	56941
307236	295524	15221	12	15305
252356	61527	53153	91	77308
219879	211470	30284	27	29508
155457	9250	21460	33	36213
265238	195866	20227	35	39072
133622	154209	50578	25	29604
144583	300564	18965	28	30105
61786	211666	49407	81	75928
150707	221718	23755	40	44008
125915	45559	119517	34	41115
224552	146699	10751	3	5253
143698	292813	20403	31	28105
240022	290815	10621	12	13441
237443	166865	17808	29	31761
45488	298016	65293	37	43293
196483	41028	26483	33	21943
150690	151754	44584	48	48243
151361	21360	126508	69	77815
208455	290286	8673	7	8248
28052	222789	227656	125	126180
2004	76215	62727	6	7169
168149	306516	31649	43	47982
104752	158561	36502	4	6543
159768	182786	74823	41	38661
43805	175074	50075	57	58364
101073	67974	85065	88	89270
261069	5118	68159	83	83497
100594	26286	90382	36	41699
190795	163987	19950	26	27922
13233	306806	112588	88	91364
172441	213160	19855	20	21727
21197	106560	38087	7	9972
204105	304059	7470	3	4274
161135	287829	73977	36	38547
59862	302010	34697	42	44972
249828	50651	62410	71	66709
57965	91087	85339	89	89736
93893	30103	44043	18	20852
48383	117633	30703	4	5832
75633	119961	33010	6	8003
233151	97720	44747	61	62884
278850	162026	61819	7	9928
285619	293433	3903	1	1113
178226	133384	32075	30	32173
161142	250772	138313	109	105726
35069	242672	40029	29	31318
89462	11137	76825	73	71887
271860	3770	55677	93	92386
103040	196833	29387	16	19311
106148	197711	48047	28	31351
81840	140684	81049	54	53672
109678	255424	18789	3	3951
141594	176132	31270	30	33126
208481	238122	17323	31	30146
39000	203657	47473	64	57988
197025	116750	11220	3	2973
44506	205876	69391	90	89050
37128	117614	74020	27	32946
24966	55752	44416	26	18317
201663	180833	14306	19	20960
113434	120098	88413	78	72470
266661	104593	45808	35	39758
124148	301676	79407	45	47428
178275	70347	68934	70	77120
244685	187649	54221	83	81197
147094	290881	12977	11	13317
155832	88197	11106	1	1327
66177	243782	83702	65	66568
31240	245985	28678	31	32490
96952	186153	40916	38	44759
44149	81964	44123	6	7945
70669	222751	92645	86	67295
177398	251519	23165	40	42871
142086	70645	59934	16	15633
85904	296337	83095	67	69788
308576	86134	45237	82	74758
56633	114592	31735	12	15100
148293	172778	41095	8	10752
87518	251569	27050	14	14996
86511	129245	69708	69	65392
74820	145645	45244	33	36802
49369	161791	114962	61	61753
296822	293255	10060	10	7442
200622	53686	36794	28	29840
18039	232738	103107	58	53409
247314	28735	122576	21	26727
121244	283360	23669	21	21055
267007	230778	27349	41	45209
262757	10941	13958	9	11014
121004	148232	53773	25	29891
196305	308591	43475	74	69695
68216	48985	52162	8	11032
214421	44301	63559	93	84539
290157	302573	17837	29	32459
16994	13368	49226	64	60327
185827	194816	9773	8	9552
46063	117533	98613	78	84276
16809	139922	21956	6	5695
298553	212216	26279	48	49266
128763	279280	51444	7	9429
74684	249883	17849	16	18390
37195	93743	94763	58	56309
122443	134094	50773	7	9601
208036	61895	41609	65	66501
110514	140302	70549	10	11422
96513	47508	55271	38	45192
218243	242587	25361	48	48851
258034	310384	73851	71	68761
87124	53435	26162	7	8114
160167	160384	13393	10	12255
61814	17674	54338	25	26374
303498	311124	27903	32	34149
9489	138127	73404	72	76408
142756	180475	19129	13	12965
284358	89033	26212	35	37800
32597	31636	17748	1	717
261353	225197	34418	26	28836
258257	52019	42007	8	10947
208013	150140	19504	17	20104
207956	160928	38018	23	26864
214854	165451	15912	21	22942
258923	144352	44544	42	42229
214058	177200	8211	5	7158
65525	229457	38388	40	45240
187435	195226	6531	2	2797
253571	216604	73936	64	67248
106505	231752	44467	36	38858
17077	181671	25302	42	44637
17111	79604	28674	28	32785
99587	85245	128453	104	90804
188585	55817	50011	67	63514
176643	101410	33993	18	23947
167074	278282	12147	5	7265
132094	31884	32983	17	20512
90960	32533	55980	6	9009
27084	292352	92714	64	63553
94935	122554	98497	85	88273
109226	128118	97068	75	78157
243928	118078	78704	76	81952
71214	217516	21545	24	25847
8067	302946	23711	24	20213
185161	108020	27199	37	39801
23898	104573	58157	73	74388
146909	192394	21181	28	30775
302511	198754	24483	16	15999
104678	297697	47016	44	48530
223790	177899	25177	37	41737
140074	251588	41668	29	32091
66436	180067	110125	62	56365
196206	299339	5730	3	3580
270433	112586	79542	27	30428
217839	65965	30509	29	29051
39483	261775	38826	8	11139
25436	249853	99803	28	31096
310966	253926	77183	80	67936
272634	186966	28669	9	12840
310622	205435	14978	16	18331
2849	189672	40261	39	43189
207994	197490	27273	42	44512
270579	42387	84864	84	80063
311123	246895	18326	43	29508
84912	34042	44272	27	33817
201122	151171	22640	39	42077
132254	302431	46439	63	63307
163655	256290	103120	102	88627
223243	77523	27040	38	43442
274317	125728	88579	117	102952
77930	132291	62264	7	10700
203163	114526	49191	92	87444
189230	173906	8487	4	5418
109712	264539	49170	56	54253
55574	77951	67824	12	15548
1725	14868	9266	4	5234
237749	132809	19512	12	15785
160169	208597	11669	7	8795
113654	14526	65219	45	46903
26654	60022	68557	88	92387
283445	57338	28935	16	20287
65912	18561	35525	13	17431
296559	120195	35064	32	36527
233452	281111	10169	5	6349
47138	236289	45579	29	31432
134494	17242	94712	128	121984
29251	264976	56683	37	36982
77273	228870	25682	25	28282
28188	296513	98686	51	50455
96919	50867	42528	15	15546
80778	175377	22056	10	13340
296330	203451	15983	27	28042
186299	12948	63435	84	89022
166385	86914	61868	54	57276
166016	14141	25140	14	17442
120479	190457	22508	8	9510
62254	288796	32874	47	39442
226266	154559	13450	6	8251
231762	108712	91425	61	64789
232333	129802	63759	58	54326
27598	48798	52116	5	6883
209122	113794	19596	22	25153
131322	139046	58538	17	18530
298773	216870	15718	14	15894
250895	109439	145768	84	92398
182028	69647	74337	63	70259
33979	305544	41740	56	45991
153168	8548	23278	15	18963
93442	116458	18410	1	1825
7640	152982	24798	23	24938
18754	112988	78888	68	71059
250483	107845	20386	4	4638
56277	2276	121488	76	84217
167007	217766	9688	4	4867
137422	290157	25914	23	23918
206153	159476	38846	57	55335
248910	206115	73412	77	70087
59992	45018	31852	11	13906
153912	185983	25844	31	33841
253516	130708	131827	141	124359
201577	126888	42685	80	77845
309257	67034	77727	52	54787
108245	243416	27741	22	25105
126738	245778	66097	13	14634
24083	26832	78407	29	35551
232872	190320	14784	17	20365
27813	148818	87635	70	72868
180843	280955	59650	83	72937
241749	208214	15792	23	26401
242528	1627	34221	32	36553
133764	158101	60042	74	78568
114992	246452	92789	67	68261
246261	250301	15120	12	14987
292948	160930	44749	68	53963
308738	187919	20401	31	34402
139845	178297	48721	75	67042
127866	28730	78228	74	74528
111303	213331	67674	84	85529
55140	231723	52442	66	51886
239962	33397	46691	16	18940
197586	205469	8611	4	5356
204531	212513	6236	2	2369
205286	101593	27324	39	44124
143149	243132	34182	59	52114
33290	87518	46807	8	10082
50785	82928	62762	66	66071
181218	164135	78654	37	40431
163157	1285	103932	40	48737
216065	151595	17615	30	31559
235534	149962	17824	29	30954
291631	243139	13799	20	22696
224655	271114	29442	11	13533
264850	26228	32029	20	24293
190343	224134	31978	62	60666
20449	223316	38691	26	28247
76920	129517	50265	28	30199
135613	134180	50259	78	79053
191519	166939	37501	32	34434
8442	281693	54993	11	15066
10253	286453	13665	21	23305
204976	43178	35072	10	14581
252720	58853	49783	78	78101
87370	210665	28828	53	49556
170554	270686	28586	16	18417
280525	218720	14167	3	3346
41144	201776	78254	92	94336
199311	30250	121062	28	31390
78273	291579	20080	22	24070
770	231729	109288	65	68901
121872	149149	33646	58	55772
273392	203121	28264	53	49118
154495	271567	44442	19	24014
274454	96601	23259	26	26071
41115	244656	85955	48	49281
233160	185159	21267	41	42859
79	193138	48410	37	41055
303954	247233	113007	77	81104
9648	156662	46139	63	65120
54640	218104	78495	43	46043
92980	102038	108625	67	71842
147254	78742	101788	100	74355
165225	141110	20115	12	14536
109788	79814	36760	26	27968
275967	91797	65056	87	90913
307248	288037	9880	11	12854
224569	53034	51987	36	43314
227993	289010	6898	4	4731
301011	39448	57906	42	48369
128918	115455	68121	80	72636
42816	194822	49766	65	61385
185218	257465	57833	32	38061
111597	122056	54165	26	30038
41121	66110	131075	127	100365
161057	111033	124101	33	42396
91507	99843	70068	75	76237
12303	34841	78210	99	98329
301126	61944	44934	74	77428
238176	209528	5776	3	3679
288434	134255	30006	30	30320
31565	83396	73043	90	91607
98839	203895	35249	78	70133
121033	291467	30104	38	41394
99737	5375	65147	77	79806
287393	137053	30852	52	50214
129109	129069	107288	102	92376
206469	112542	88151	32	40045
191070	145449	26449	41	44207
209795	200854	10226	5	6227
277172	72353	119039	45	48637
26085	74190	65244	40	47065
55483	295267	48796	40	39978
280478	206872	32106	29	27013
167995	104673	57997	79	82222
113896	226774	17700	12	14348
275776	32139	64536	59	58957
106553	233786	41467	22	24295
170152	32552	60590	17	21974
68120	90460	121827	149	120041
83620	84920	126252	85	93398
246592	295585	5979	3	3533
229326	51293	76567	66	67524
90049	161238	91162	79	79852
272480	266273	39433	40	44512
33989	115954	44447	17	22015
119798	270033	46538	49	52313
274297	74646	77661	70	71700
44547	84232	140343	107	102119
154741	178564	18327	20	24117
98458	190654	46354	80	77003
93459	118447	102813	118	110760
89688	102560	35354	62	62320
36145	93396	92406	32	37381
294097	11782	6757	4	4788
185022	8414	16053	12	13009
56873	38900	65595	6	8576
291146	94040	38887	69	65943
158179	53468	51275	24	30626
4915	201170	85054	65	64584
183003	174140	6096	3	3935
98357	53495	74898	113	102482
81675	44147	105149	45	50370
263225	24386	43639	71	68709
245583	285180	14335	16	18373
94376	280740	76418	117	106958
16652	181625	7528	4	4926
195418	64411	28183	14	18162
309296	12317	33787	12	16096
17164	123377	42434	29	32418
141226	25166	17037	4	4875
176052	277265	166623	77	83254
89663	215346	13481	9	10928
7455	144177	51470	70	73490
260926	188019	45883	50	45419
122632	77310	41831	60	60835
213422	252308	9038	5	6181
158018	156540	8661	1	1443
268784	109058	40882	76	65056
132210	71352	60313	36	42639
199729	226979	15907	26	28821
210163	158381	23232	21	23241
6725	11673	15984	13	13499
80081	302486	66851	65	67453
221015	102929	38907	76	67031
228115	303339	10236	9	10398
5218	215901	165048	52	51057
80207	54899	66879	93	93859
153660	250442	44451	59	61868
114123	105956	22584	15	16931
88295	76534	54394	77	77063
96861	197594	65216	80	74661
77973	271995	129286	102	98670
217509	11956	25788	45	47138
251097	85968	66378	77	81402
246042	96190	21397	29	30176
95422	35940	60197	22	27084
186196	164547	84169	29	37840
148814	58671	39960	21	25499
60339	2823	45585	15	18052
225373	83084	41117	61	61634
51194	36796	143062	107	103041
116906	67726	106821	50	54836
113985	135982	169777	83	88226
83006	128271	32470	42	47182
163148	193725	30406	40	44881
225603	200558	19113	35	39189
177461	39534	52344	57	57020
56635	110086	119861	47	53245
41872	235926	38692	53	53256
210609	263118	26261	33	36460
4792	253634	76775	51	52995
311868	162499	45184	46	49501
274583	259929	61987	55	55537
26082	2549	55445	10	12741
104592	250616	47873	49	50175
199664	128012	39237	74	61018
271372	104795	101337	71	73816
303480	48092	55607	56	58203
122994	17462	74817	45	35539
228539	218186	24685	41	41376
284795	286864	6543	2	2499
74430	216296	105278	25	30600
188821	231020	13127	16	18537
57906	64725	28085	4	5213
267554	271811	60192	77	75625
261231	242705	23665	19	23474
98400	271149	22826	8	9869
253688	296710	62238	44	45068
97230	120639	35125	41	46314
209507	121756	18385	20	22085
238581	162082	40400	58	58679
95258	199455	38852	32	34317
254464	60020	123937	124	120484
118607	305979	24644	23	24475
92117	130758	54144	6	8182
92292	241464	65155	83	81677
150071	35123	47535	56	55094
281534	38508	124597	121	106781
307238	129805	64372	54	53583
160892	128820	105667	84	84122
304896	235384	5718	2	3368
100715	280649	79943	132	107554
64151	24419	55628	82	76807
204167	280526	41099	68	65650
148623	273157	15050	5	6672
138191	145031	46643	66	58150
39443	232283	50819	29	34297
156031	53261	96676	28	28729
133936	82197	34759	23	26832
252010	218165	26034	50	49437
23981	78806	55751	6	8340
154052	189819	14554	2	3007
252078	87181	57320	98	92902
257911	217677	66289	66	61897
20391	80063	96185	131	104253
247136	36184	80453	87	54658
18620	216297	38674	62	55747
126526	292573	18745	34	34085
231478	277047	31165	41	39980
200305	173939	5272	2	2545
182435	59109	39275	47	44742
246781	146092	22906	33	29233
145089	71135	28258	59	45017
170535	121171	26198	13	13681
88489	239263	36104	65	53312
37073	142543	62346	101	93019
171141	82769	57723	97	88409
44557	253349	84809	29	35080
17958	167690	57694	80	81618
270460	8622	17752	13	14620
209901	256708	5646	3	3506
252108	208813	16722	19	18348
156901	121951	11635	1	2499
296506	73806	74295	37	43829
285410	89245	58856	58	58863
207168	54069	51159	71	74826
213454	140437	37528	27	29382
167786	245792	20169	7	9522
202214	242244	12908	17	20592
67369	188919	79634	59	50787
17781	218410	76788	92	91971
63502	271690	63285	81	83366
20137	147396	111349	63	70257
60033	267905	38075	55	54333
113831	234545	15171	11	13572
185538	39567	48832	48	49704
215090	43331	45783	69	69072
288679	51991	38901	40	40406
82011	20933	113825	71	75013
224063	151536	12611	6	7495
199488	10273	7186	5	6335
291024	300417	73591	66	68586
197289	275408	18398	16	18802
9008	250908	13710	21	22072
242099	209219	12361	12	15207
243625	48656	55564	42	44163
134528	130937	10099	2	1658
263308	131729	81860	116	107006
117030	25684	58292	90	84444
275531	137181	29827	15	19574
93210	123783	60975	43	44832
203412	99215	36049	31	30800
51475	175774	49246	32	33502
60715	110953	46460	18	22032
253326	241096	59012	69	63888
219041	100028	72003	115	101949
280609	151448	41966	55	52137
203884	200597	11302	9	11022
67060	73278	67185	10	14113
58148	123767	53047	20	22896
206075	69718	72891	92	76354
32871	283402	61148	42	45165
160789	233506	25838	23	24584
293454	259203	45653	62	57542
309090	94800	22396	50	39054
188455	235865	8309	7	9380
11727	243062	12254	15	18610
124212	274887	80416	29	30360
261308	261401	43229	18	21860
105654	168421	42841	75	68992
140554	23977	26062	7	10134
279298	224511	37528	38	41568
67332	131633	44368	7	8834
307421	248655	61967	37	41916
6854	172182	29086	14	15805
275946	239231	16294	24	25818
242425	121790	19354	13	17211
127081	30995	36664	20	24988
65340	1140	20239	1	913
71562	147584	138013	128	124920
128618	222914	89252	50	50323
178985	211303	6439	8	2518
268377	50671	79888	31	35952
292436	254759	57013	61	62702
55421	153104	42193	24	28242
55091	274931	66997	63	65110
109834	301242	58409	71	73064
251382	70126	62018	36	41077
103313	107504	18418	8	10471
299915	303471	9025	4	6034
87852	48354	33573	9	10400
20874	232037	54986	33	38938
169392	112609	97201	12	15545
262116	97014	49633	78	76754
37603	245890	42132	29	31126
189736	252161	11111	3	4599
62091	267787	56363	47	48318
103118	1755	32312	13	17253
207783	24150	19539	13	15054
105329	297921	47374	44	48459
136815	52996	76916	21	26964
304568	187428	9597	6	8413
81486	58689	79599	103	97734
163288	104628	68266	82	75506
292172	103634	48522	44	46252
244360	283599	29049	20	23523
158946	122806	50238	60	58669
294595	311605	4690	10	2820
300813	249468	47905	75	77835
306403	25952	26454	21	23564
81528	72146	25002	10	13909
33133	186293	99495	79	81458
238701	219140	38203	61	59933
178237	38955	70927	64	67414
227008	290425	7258	5	6612
196322	160536	82269	55	57857
84598	79924	39617	5	7555
292701	173658	9647	8	10459
264091	170690	44452	78	76722
86195	168830	27265	4	5853
177811	113525	52547	27	29456
76718	70633	92611	26	31201
166366	107174	57138	73	75921
198749	129615	40038	76	71664
219002	242691	38105	50	49122
255759	91671	89678	114	102538
148389	66603	116911	30	38720
264838	125872	41551	70	69538
173394	92387	55486	82	73197
228188	132272	41244	58	61028
227254	244147	45716	60	57949
123852	143571	14684	5	6848
111918	62887	81363	62	61523
81639	204149	41319	41	46516
74012	210892	47233	55	54756
300296	241062	6548	3	5195
153574	19796	42034	8	11255
249197	22827	67393	88	87751
196910	204054	12557	9	11422
160510	2229	11386	3	4286
164856	230655	20205	33	32953
50498	284364	44215	36	38023
56702	29700	45057	13	17546
283288	137597	38105	35	41390
250757	138876	161680	38	44316
165743	27975	34636	13	17600
263039	123848	38378	37	43508
293704	32041	59139	69	71302
158606	181724	61454	72	66537
263231	166460	36279	63	64462
134075	242666	40360	62	61009
192791	164253	81360	53	55441
12173	220927	33136	11	13414
198786	219065	29072	31	34960
171024	137054	34633	15	18917
155871	114291	55407	17	22560
37605	235276	40236	36	28880
88346	193744	42957	71	68990
140160	44872	45546	17	21249
294912	260920	59551	59	56729
178775	284675	12173	13	15830
234242	26769	96621	67	73794
221895	97080	39373	63	63428
20579	224234	26175	24	23898
184222	83647	108370	68	75055
10369	173703	13335	16	15163
842	6677	57738	40	42438
190665	163631	41257	18	20843
68233	272118	88183	116	105918
167016	213571	6267	1	1357
3416	234117	13759	19	22440
131062	86397	103107	27	34075
291183	26934	82370	53	55123
125494	147924	58807	29	33892
234662	100669	48695	63	64392
253081	222109	123596	70	74314
223569	163174	18139	12	12317
171379	191510	16740	3	5297
221499	277045	102436	24	25649
290336	31288	135713	57	61183
218697	266194	117297	21	24622
295870	302827	28535	79	53126
40171	170504	76916	76	72865
8044	225367	36210	44	47868
53083	310705	47525	36	39982
98419	196479	23628	17	20621
294390	68912	65885	54	56958
312230	306309	12404	19	17564
251499	309965	11184	8	10008
145798	96705	19417	12	15291
41514	8508	34739	6	7302
114112	136988	22202	8	11396
2867	145959	12910	2	2918
72682	117039	17737	4	5214
234892	184526	13350	19	21432
245774	101033	64285	89	88380
52765	20229	161633	113	101376
40010	199495	58939	97	85303
1321	304671	23303	16	19631
269184	31949	65495	89	87310
48271	151088	47406	41	42878
99797	92628	37005	12	16631
230749	2036	42625	28	31290
83565	243881	117955	77	79974
249165	34563	42643	11	15287
33050	22396	73031	27	27376
48642	217536	68122	64	62411
138865	119091	101123	5	9136
67343	111733	115420	78	82176
172897	307914	47837	71	68925
196761	79296	17418	16	20738
260345	250154	18776	3	4771
22285	297001	135370	55	55772
165182	184169	14791	16	18965
21426	45248	63162	33	38692
91467	283171	41425	45	41739
296291	87227	139474	57	62962
63472	91763	85243	135	120599
50853	261424	58754	15	19622
203941	52322	54662	77	74935
56787	125865	41870	9	13002
35823	309287	48918	68	67357
43169	20232	67051	50	51047
223916	253820	78395	41	48916
