Node1 	Node2 	Distance	 Time	 Settled
209956	148291	74156	31	287
177361	67048	2147483647	4	223
158115	149764	2147483647	2	318
155142	160484	3029	6	338
52880	305102	2147483647	0	9
290182	115892	2147483647	3	246
262744	214829	16918	4	248
269900	49621	2147483647	2	283
117833	151823	2147483647	5	4
267197	186406	9297	6	251
26476	180488	30812	6	352
267776	66017	44289	6	339
63194	260337	42520	6	266
43227	185283	2147483647	2	15
72600	300135	2147483647	3	317
176070	44958	2147483647	3	231
29658	263257	2147483647	2	299
225002	170423	32171	4	218
172034	158709	18672	4	351
281516	104251	2147483647	3	2
57040	39524	2147483647	4	34
306230	112717	2147483647	3	284
243711	12750	84317	6	216
281839	234963	13064	5	243
253090	81885	2147483647	0	6
274987	248509	2147483647	2	321
145045	165667	16671	4	250
96554	168776	2147483647	0	11
237341	241793	12583	6	259
59000	122168	2147483647	2	304
19308	133669	2147483647	2	326
147889	33322	2147483647	4	1
251907	34629	58622	5	349
154327	161692	2147483647	2	225
146713	293307	2147483647	4	371
175520	105578	22276	5	196
33488	216496	2147483647	0	9
205557	257532	64618	6	328
84290	64870	2147483647	2	224
158490	61706	2147483647	3	6
282744	223716	16479	6	196
167518	284188	2147483647	2	3
206901	151755	20018	5	277
257944	115573	2147483647	2	260
230300	75632	19254	6	258
70607	308651	2147483647	3	4
179547	43761	63537	6	185
276395	128136	2147483647	3	295
260060	2604	50480	5	302
116179	43717	63609	6	271
256469	309702	2147483647	0	3
22390	117004	2147483647	3	302
159261	228273	2147483647	2	5
255886	207077	2147483647	4	20
119042	258827	69463	6	278
212428	191251	21451	4	104
184230	195198	2147483647	16	3
186503	220790	2147483647	2	3
88560	244463	2147483647	3	337
212685	22594	2147483647	0	5
129964	131955	57868	5	249
25019	294304	22579	6	339
35889	35278	6271	6	251
211313	11145	18883	5	295
90043	289407	19424	17	338
304865	265893	2147483647	3	342
57289	203448	50501	4	249
84871	160209	2147483647	1	2
73685	302092	2147483647	3	273
1142	198337	2147483647	3	6
64270	203530	62737	5	275
4444	246378	2147483647	3	220
73242	186537	28910	5	232
115799	82547	23766	5	254
66635	26603	2147483647	1	9
290417	147377	2147483647	3	256
75633	84977	2147483647	2	270
127394	145311	19825	5	362
182863	73002	2147483647	1	55
160564	276265	27209	4	213
23339	292868	2147483647	3	346
193491	108857	17726	5	221
4690	99548	21345	5	237
295342	27237	2147483647	2	183
60355	286876	2147483647	2	5
99131	264670	2147483647	1	11
57633	213367	2147483647	3	359
146816	225099	11245	6	271
127579	290166	2147483647	0	41
215672	33524	66866	7	257
150416	28578	2147483647	3	212
262091	294294	2147483647	2	205
217270	308050	2147483647	3	370
75072	118323	2147483647	0	14
197058	302816	6817	6	239
102216	240888	36295	5	300
180719	235410	2147483647	2	264
196581	260173	2147483647	3	235
137541	100810	2147483647	3	5
52643	199027	2147483647	1	7
308481	80770	2147483647	3	266
93110	221928	2147483647	3	22
170788	87400	32646	4	333
289102	103320	16265	6	251
126856	76588	2147483647	3	241
160967	171656	2147483647	2	270
120588	124235	2147483647	2	303
87232	226568	2147483647	2	7
121626	18997	2147483647	3	303
170502	174888	2147483647	3	9
68397	258543	2147483647	3	8
186927	283523	8847	6	285
143013	25496	2147483647	2	231
114156	70994	2147483647	2	248
33975	294894	2147483647	4	293
195852	43687	2147483647	3	246
109671	103181	2147483647	3	290
107082	127471	2147483647	1	22
66028	149095	2147483647	2	2
46190	159674	2147483647	3	7
223707	20785	2147483647	2	330
81084	36545	2147483647	3	2
73697	213132	18543	3	275
286137	35802	48148	4	178
299611	88193	29560	5	310
140585	233424	2147483647	2	240
85794	115786	63905	6	414
129200	87748	43049	5	271
209033	134809	21631	6	344
168925	103829	39418	6	320
145851	169626	2147483647	2	252
187926	123391	22400	5	255
217343	126596	2147483647	1	1
191537	22078	37932	6	378
89136	230314	65308	4	283
92017	265895	2147483647	1	5
236268	45551	2147483647	3	205
76536	289748	29086	5	268
257523	180427	58350	3	343
111263	22655	2147483647	2	337
59810	244689	2147483647	3	303
64389	104203	74046	4	283
57609	143637	54406	6	356
181636	160349	2147483647	3	258
264635	163844	30615	5	238
298260	143531	2147483647	3	256
192719	213136	17183	5	223
290201	64464	2147483647	3	284
55549	259197	48773	6	351
2271	144746	75123	5	303
1919	67222	2147483647	0	7
25948	289121	2147483647	0	3
172137	310640	18149	4	335
200908	122924	2147483647	4	366
173823	23111	2147483647	3	247
34335	150811	2147483647	0	1
59434	256770	2147483647	2	233
107401	81736	2147483647	2	305
32573	105373	69935	5	385
633	32498	2147483647	1	6
286181	296676	7379	5	407
93301	152634	2147483647	3	12
106332	194027	24006	6	325
113233	292864	25559	4	259
204994	137979	21580	6	364
184681	275586	12889	5	167
93525	211143	2147483647	3	10
307815	7031	2147483647	3	344
216186	133311	25187	9	286
11254	119516	2147483647	3	9
167382	196428	2147483647	3	4
72854	261490	22029	5	304
6647	187532	2147483647	4	5
172176	285872	2147483647	2	260
51455	204440	2147483647	2	6
32133	216060	2147483647	2	40
177201	200914	9079	5	233
36185	128513	2147483647	1	16
290244	16121	2147483647	3	250
132369	200787	18691	6	327
285774	109585	30815	5	227
41620	21516	2147483647	0	10
14349	216131	2147483647	3	386
108722	60271	2147483647	3	23
225030	8799	2147483647	3	356
59972	222356	50343	7	301
95969	177890	2147483647	2	25
96595	90684	66287	6	329
286367	94444	45081	6	233
226874	115750	33885	5	201
216150	110844	52359	6	279
244275	46889	2147483647	2	310
216733	40092	2147483647	2	309
103351	93754	2147483647	3	384
225636	296570	2147483647	3	249
278998	98503	59385	6	376
237684	74351	2147483647	3	304
19200	18473	21496	5	232
132495	69736	2147483647	2	291
90166	225757	13355	5	326
172452	288878	2147483647	2	332
154995	180580	35959	6	373
179773	131763	72970	6	321
266267	210009	10623	6	361
136108	58835	2147483647	3	367
248875	37600	2147483647	0	27
267693	80133	24933	6	338
133455	73791	2147483647	3	352
66884	23097	2147483647	1	28
139636	80178	2147483647	0	2
134908	133964	2147483647	3	1
249886	216505	24326	5	248
123508	94149	14099	5	222
246720	184468	2147483647	0	4
153950	152638	2147483647	3	330
233756	291766	10464	4	263
256296	138168	73950	5	273
180644	263140	2147483647	4	2
250268	97319	4904	6	272
10778	111170	68844	5	257
217964	203920	1030	7	295
52992	209853	50522	6	349
100877	227412	15738	6	312
206957	176913	2147483647	3	319
108609	269322	2147483647	3	10
249280	165934	30700	3	88
283889	296739	2147483647	3	331
247885	303017	2147483647	2	3
289299	214144	3729	5	260
306645	127519	2147483647	3	262
30358	148732	44174	5	296
266272	208160	9094	6	298
4799	260687	61619	5	336
28047	236285	2147483647	2	12
249776	8196	2147483647	0	7
271199	102585	2147483647	3	306
256281	180336	2147483647	2	264
304786	115312	33131	6	348
64782	119989	27323	5	270
84568	153431	2147483647	1	4
71937	202160	16694	6	346
303989	10937	5973	5	256
242590	241187	8004	4	197
39353	19472	2147483647	1	7
45287	203347	2147483647	2	278
76492	309684	2147483647	3	6
47250	179295	2147483647	3	5
93260	281872	2147483647	3	13
60083	158343	2147483647	3	22
142164	201470	2147483647	3	10
56964	194836	2147483647	3	6
289217	49929	2147483647	2	180
60031	263175	17315	6	307
233923	87067	24639	5	213
136223	130281	2147483647	2	251
150338	296063	10421	5	264
256524	286536	38845	5	304
210758	105316	2147483647	2	195
204156	252698	9096	3	264
32155	222487	2147483647	0	36
62818	37193	2147483647	4	15
179949	105420	51841	5	263
210666	189608	2147483647	4	296
28383	130256	2147483647	0	23
213221	151612	2147483647	2	208
289207	109754	49615	7	344
97111	147432	2147483647	0	2
186889	247308	2147483647	2	255
88860	132713	2147483647	1	11
280443	120328	40092	7	343
18392	241566	20459	4	261
247161	299730	22259	3	237
94598	146924	2147483647	4	361
35423	145559	48705	5	277
186615	94926	27753	5	216
219551	79177	11783	6	255
114965	196947	2147483647	3	239
91876	85990	106592	4	262
198459	176745	2147483647	2	301
110205	218093	2147483647	1	10
261351	117451	83082	5	348
154528	245890	3875	5	366
261983	241567	15623	6	301
55166	122975	2147483647	3	347
158128	135549	8330	5	380
158154	181466	42343	5	252
79745	54566	2147483647	0	3
89106	216988	23407	6	288
312006	137044	38328	6	277
141160	131894	2147483647	3	9
137711	177497	37085	6	330
260245	266477	47806	5	322
5187	163912	56416	7	365
216878	45788	2147483647	5	291
127772	181920	2147483647	2	227
201516	311689	29283	6	197
278259	294307	4241	6	350
201435	267122	2147483647	3	293
13903	259286	2147483647	1	5
230104	100196	2147483647	3	262
221607	217605	27013	6	452
129930	124000	6005	5	270
212866	68825	2147483647	4	337
199999	182456	13378	3	259
228872	122292	11946	5	257
301615	166197	20059	6	250
22628	118906	72050	5	229
6985	109929	63928	5	369
110600	71315	2147483647	3	5
283058	78524	2147483647	3	298
218613	133357	2147483647	3	297
112998	166613	32744	4	250
230436	47907	2147483647	3	253
1005	99678	2147483647	0	2
282259	197563	59713	6	224
123596	63937	2147483647	3	47
173491	132888	2147483647	3	271
14486	10846	14341	6	249
287736	4444	5576	5	190
57031	37163	2147483647	0	11
155260	209788	2147483647	3	373
174523	77421	2147483647	3	303
221533	156827	2147483647	3	7
276104	40036	48192	6	331
17211	147398	2147483647	2	315
144871	198399	29108	5	227
69324	309067	2147483647	0	43
159815	254071	2147483647	3	4
158279	160744	2147483647	3	5
20526	23102	2147483647	3	341
249221	45696	75521	5	325
103797	277198	2147483647	1	5
231433	185309	22086	6	284
153996	280612	2147483647	0	2
175668	248739	2147483647	3	249
15132	229225	3690	5	199
101151	153560	2147483647	4	5
99345	57094	41822	6	310
134723	150532	2147483647	1	6
180256	187387	9460	6	265
235772	28776	2147483647	3	243
113532	203957	68403	5	308
92052	183302	2147483647	3	3
282308	45078	2147483647	2	243
115088	299352	2147483647	3	224
310489	310021	10786	4	218
164966	208516	8680	13	309
37565	85646	2147483647	1	5
275398	43411	63493	6	295
211385	68930	2147483647	3	287
307236	295524	15221	5	347
252356	61527	2147483647	4	352
219879	211470	2147483647	2	281
155457	9250	21460	6	352
265238	195866	2147483647	3	236
133622	154209	2147483647	2	256
144583	300564	18965	4	250
61786	211666	2147483647	2	235
150707	221718	23755	5	327
125915	45559	2147483647	0	35
224552	146699	10751	5	314
143698	292813	2147483647	3	10
240022	290815	10621	5	230
237443	166865	17808	5	278
45488	298016	2147483647	2	7
196483	41028	26483	9	251
150690	151754	2147483647	3	322
151361	21360	2147483647	2	305
208455	290286	2147483647	2	270
28052	222789	2147483647	1	1
2004	76215	2147483647	1	6
168149	306516	31649	5	290
104752	158561	2147483647	0	22
159768	182786	2147483647	0	9
43805	175074	2147483647	2	264
101073	67974	2147483647	3	315
261069	5118	2147483647	1	2
100594	26286	2147483647	3	327
190795	163987	2147483647	2	230
13233	306806	2147483647	1	4
172441	213160	19855	4	297
21197	106560	2147483647	3	28
204105	304059	2147483647	2	295
161135	287829	2147483647	1	15
59862	302010	34697	5	316
249828	50651	2147483647	0	2
57965	91087	2147483647	3	258
93893	30103	2147483647	4	29
48383	117633	30703	6	301
75633	119961	2147483647	2	270
233151	97720	44747	5	298
278850	162026	2147483647	1	37
285619	293433	2147483647	1	44
178226	133384	32075	7	252
161142	250772	2147483647	0	47
35069	242672	2147483647	2	329
89462	11137	76825	5	328
271860	3770	55677	5	254
103040	196833	29387	5	350
106148	197711	2147483647	4	14
81840	140684	2147483647	4	4
109678	255424	18789	6	285
141594	176132	2147483647	3	2
208481	238122	2147483647	2	3
39000	203657	2147483647	2	276
197025	116750	2147483647	3	239
44506	205876	69391	5	267
37128	117614	74020	5	259
24966	55752	2147483647	3	366
201663	180833	2147483647	1	6
113434	120098	2147483647	0	7
266661	104593	2147483647	3	268
124148	301676	2147483647	3	32
178275	70347	2147483647	3	237
244685	187649	54221	6	320
147094	290881	12977	5	253
155832	88197	11106	5	294
66177	243782	2147483647	3	6
31240	245985	28678	6	306
96952	186153	40916	6	302
44149	81964	2147483647	2	256
70669	222751	2147483647	3	21
177398	251519	23165	6	232
142086	70645	2147483647	3	331
85904	296337	2147483647	0	4
308576	86134	2147483647	2	249
56633	114592	31735	5	261
148293	172778	41095	4	290
87518	251569	27050	5	325
86511	129245	2147483647	4	10
74820	145645	45244	6	293
49369	161791	2147483647	3	5
296822	293255	10060	6	331
200622	53686	2147483647	3	341
18039	232738	2147483647	3	9
247314	28735	2147483647	0	7
121244	283360	2147483647	4	321
267007	230778	27349	7	344
262757	10941	13958	6	250
121004	148232	2147483647	3	340
196305	308591	2147483647	3	244
68216	48985	2147483647	3	34
214421	44301	2147483647	3	2
290157	302573	17837	6	289
16994	13368	2147483647	0	4
185827	194816	2147483647	3	3
46063	117533	98613	6	230
16809	139922	2147483647	0	20
298553	212216	2147483647	6	3
128763	279280	2147483647	3	42
74684	249883	2147483647	2	267
37195	93743	2147483647	1	7
122443	134094	2147483647	1	52
208036	61895	41609	6	251
110514	140302	2147483647	0	15
96513	47508	55271	6	270
218243	242587	2147483647	3	339
258034	310384	73851	4	269
87124	53435	2147483647	3	9
160167	160384	13393	4	266
61814	17674	54338	5	233
303498	311124	27903	3	253
9489	138127	73404	6	344
142756	180475	19129	6	348
284358	89033	26212	6	224
32597	31636	17748	1	45
261353	225197	34418	5	361
258257	52019	42007	4	287
208013	150140	2147483647	3	329
207956	160928	38018	5	322
214854	165451	15912	5	167
258923	144352	44544	6	285
214058	177200	8211	6	260
65525	229457	2147483647	4	291
187435	195226	2147483647	2	265
253571	216604	2147483647	4	9
106505	231752	2147483647	3	311
17077	181671	25302	6	327
17111	79604	28674	5	193
99587	85245	2147483647	0	4
188585	55817	2147483647	2	243
176643	101410	2147483647	3	2
167074	278282	12147	5	342
132094	31884	32983	4	236
90960	32533	2147483647	2	282
27084	292352	2147483647	0	11
94935	122554	2147483647	3	329
109226	128118	2147483647	3	327
243928	118078	78704	6	268
71214	217516	21545	5	266
8067	302946	23711	6	327
185161	108020	2147483647	4	389
23898	104573	58157	8	335
146909	192394	2147483647	2	236
302511	198754	2147483647	4	4
104678	297697	2147483647	1	20
223790	177899	25177	4	343
140074	251588	41668	4	261
66436	180067	2147483647	10	4
196206	299339	2147483647	1	3
270433	112586	2147483647	2	296
217839	65965	2147483647	3	6
39483	261775	2147483647	3	16
25436	249853	2147483647	3	6
310966	253926	2147483647	2	195
272634	186966	2147483647	3	15
310622	205435	2147483647	3	260
2849	189672	40261	7	429
207994	197490	2147483647	3	324
270579	42387	2147483647	3	292
311123	246895	18326	5	240
84912	34042	44272	5	249
201122	151171	2147483647	3	2
132254	302431	2147483647	1	17
163655	256290	2147483647	1	5
223243	77523	27040	4	110
274317	125728	2147483647	1	46
77930	132291	2147483647	3	23
203163	114526	49191	6	288
189230	173906	8487	5	238
109712	264539	2147483647	3	327
55574	77951	2147483647	3	350
1725	14868	9266	6	356
237749	132809	19512	6	202
160169	208597	2147483647	3	267
113654	14526	65219	4	288
26654	60022	2147483647	4	384
283445	57338	28935	5	241
65912	18561	35525	5	238
296559	120195	35064	4	53
233452	281111	2147483647	3	264
47138	236289	45579	5	247
134494	17242	94712	11	350
29251	264976	56683	6	314
77273	228870	25682	4	267
28188	296513	2147483647	3	2
96919	50867	2147483647	1	3
80778	175377	2147483647	3	7
296330	203451	2147483647	2	2
186299	12948	63435	5	272
166385	86914	2147483647	4	292
166016	14141	2147483647	3	290
120479	190457	2147483647	3	303
62254	288796	32874	5	297
226266	154559	13450	6	258
231762	108712	2147483647	3	250
232333	129802	2147483647	2	254
27598	48798	2147483647	3	2
209122	113794	19596	6	255
131322	139046	2147483647	3	39
298773	216870	15718	3	30
250895	109439	2147483647	3	293
182028	69647	2147483647	3	262
33979	305544	41740	4	305
153168	8548	2147483647	4	343
93442	116458	2147483647	2	285
7640	152982	24798	6	363
18754	112988	2147483647	0	37
250483	107845	2147483647	3	335
56277	2276	2147483647	3	36
167007	217766	9688	6	328
137422	290157	2147483647	2	252
206153	159476	38846	5	278
248910	206115	2147483647	3	3
59992	45018	2147483647	3	348
153912	185983	25844	5	340
253516	130708	2147483647	0	40
201577	126888	42685	6	298
309257	67034	2147483647	3	278
108245	243416	2147483647	3	308
126738	245778	2147483647	3	3
24083	26832	2147483647	4	4
232872	190320	14784	6	199
27813	148818	2147483647	3	9
180843	280955	59650	5	123
241749	208214	2147483647	3	292
242528	1627	34221	5	227
133764	158101	60042	6	384
114992	246452	2147483647	3	285
246261	250301	15120	5	216
292948	160930	44749	5	259
308738	187919	20401	5	192
139845	178297	48721	3	245
127866	28730	2147483647	2	247
111303	213331	2147483647	2	297
55140	231723	52442	5	346
239962	33397	46691	6	269
197586	205469	8611	5	225
204531	212513	2147483647	0	2
205286	101593	2147483647	3	192
143149	243132	34182	5	337
33290	87518	2147483647	3	22
50785	82928	2147483647	0	10
181218	164135	2147483647	2	244
163157	1285	2147483647	2	277
216065	151595	17615	4	250
235534	149962	17824	6	301
291631	243139	13799	4	172
224655	271114	2147483647	3	328
264850	26228	32029	8	355
190343	224134	31978	6	250
20449	223316	38691	6	334
76920	129517	50265	5	247
135613	134180	2147483647	3	266
191519	166939	37501	4	273
8442	281693	2147483647	4	339
10253	286453	2147483647	3	214
204976	43178	2147483647	3	273
252720	58853	49783	7	326
87370	210665	2147483647	3	317
170554	270686	28586	6	346
280525	218720	2147483647	2	249
41144	201776	2147483647	3	8
199311	30250	2147483647	3	197
78273	291579	2147483647	3	246
770	231729	2147483647	2	8
121872	149149	33646	6	238
273392	203121	28264	5	341
154495	271567	44442	5	243
274454	96601	2147483647	1	5
41115	244656	2147483647	0	8
233160	185159	2147483647	4	415
79	193138	48410	7	360
303954	247233	2147483647	3	267
9648	156662	46139	6	248
54640	218104	2147483647	3	16
92980	102038	2147483647	3	16
147254	78742	2147483647	0	15
165225	141110	20115	5	306
109788	79814	2147483647	3	302
275967	91797	65056	5	276
307248	288037	9880	4	243
224569	53034	2147483647	2	115
227993	289010	6898	6	267
301011	39448	57906	6	287
128918	115455	2147483647	2	259
42816	194822	49766	5	265
185218	257465	2147483647	4	265
111597	122056	54165	5	309
41121	66110	2147483647	3	258
161057	111033	2147483647	0	21
91507	99843	2147483647	2	242
12303	34841	78210	5	350
301126	61944	44934	6	336
238176	209528	2147483647	3	271
288434	134255	30006	5	35
31565	83396	2147483647	0	14
98839	203895	35249	6	259
121033	291467	30104	4	255
99737	5375	65147	5	193
287393	137053	2147483647	1	9
129109	129069	2147483647	2	191
206469	112542	2147483647	3	253
191070	145449	26449	3	137
209795	200854	10226	5	182
277172	72353	2147483647	3	2
26085	74190	65244	6	363
55483	295267	48796	6	348
280478	206872	32106	6	376
167995	104673	57997	6	361
113896	226774	2147483647	2	231
275776	32139	2147483647	2	232
106553	233786	2147483647	3	347
170152	32552	2147483647	2	247
68120	90460	2147483647	4	21
83620	84920	2147483647	3	8
246592	295585	5979	6	173
229326	51293	2147483647	4	377
90049	161238	2147483647	3	339
272480	266273	2147483647	3	22
33989	115954	2147483647	2	309
119798	270033	46538	6	307
274297	74646	2147483647	0	5
44547	84232	2147483647	0	4
154741	178564	18327	7	326
98458	190654	2147483647	2	294
93459	118447	2147483647	2	277
89688	102560	2147483647	4	8
36145	93396	2147483647	4	27
294097	11782	6757	5	247
185022	8414	16053	7	296
56873	38900	2147483647	3	23
291146	94040	38887	6	364
158179	53468	2147483647	2	249
4915	201170	85054	4	270
183003	174140	6096	3	156
98357	53495	2147483647	3	333
81675	44147	2147483647	3	4
263225	24386	2147483647	2	247
245583	285180	14335	5	268
94376	280740	2147483647	1	10
16652	181625	7528	4	203
195418	64411	28183	5	246
309296	12317	2147483647	2	256
17164	123377	2147483647	4	12
141226	25166	2147483647	3	376
176052	277265	2147483647	3	231
89663	215346	13481	6	238
7455	144177	51470	14	331
260926	188019	2147483647	3	4
122632	77310	41831	5	250
213422	252308	9038	6	215
158018	156540	8661	6	367
268784	109058	2147483647	3	323
132210	71352	60313	6	367
199729	226979	15907	4	200
210163	158381	2147483647	2	211
6725	11673	2147483647	3	344
80081	302486	2147483647	0	16
221015	102929	38907	3	312
228115	303339	10236	5	285
5218	215901	2147483647	3	3
80207	54899	66879	5	318
153660	250442	44451	6	325
114123	105956	22584	5	225
88295	76534	54394	6	335
96861	197594	2147483647	0	4
77973	271995	2147483647	3	17
217509	11956	25788	6	290
251097	85968	2147483647	1	3
246042	96190	21397	6	206
95422	35940	2147483647	1	24
186196	164547	2147483647	6	352
148814	58671	2147483647	3	349
60339	2823	45585	5	244
225373	83084	41117	5	332
51194	36796	2147483647	4	43
116906	67726	2147483647	3	283
113985	135982	2147483647	1	2
83006	128271	2147483647	3	342
163148	193725	30406	4	274
225603	200558	19113	5	203
177461	39534	52344	7	242
56635	110086	2147483647	0	5
41872	235926	2147483647	3	15
210609	263118	2147483647	4	3
4792	253634	2147483647	3	340
311868	162499	2147483647	3	4
274583	259929	61987	5	194
26082	2549	2147483647	3	368
104592	250616	2147483647	3	22
199664	128012	39237	6	295
271372	104795	2147483647	3	300
303480	48092	55607	6	191
122994	17462	2147483647	1	36
228539	218186	24685	6	211
284795	286864	6543	5	232
74430	216296	2147483647	3	5
188821	231020	13127	4	259
57906	64725	28085	6	297
267554	271811	2147483647	3	10
261231	242705	23665	5	321
98400	271149	22826	5	300
253688	296710	2147483647	3	13
97230	120639	2147483647	4	367
209507	121756	18385	6	250
238581	162082	2147483647	3	252
95258	199455	2147483647	1	13
254464	60020	2147483647	2	273
118607	305979	24644	7	338
92117	130758	2147483647	1	10
92292	241464	65155	4	259
150071	35123	47535	5	237
281534	38508	2147483647	0	12
307238	129805	2147483647	3	189
160892	128820	2147483647	2	258
304896	235384	5718	6	307
100715	280649	2147483647	3	7
64151	24419	55628	5	351
204167	280526	41099	5	228
148623	273157	15050	24	333
138191	145031	46643	4	328
39443	232283	2147483647	3	304
156031	53261	2147483647	2	208
133936	82197	34759	6	357
252010	218165	26034	6	215
23981	78806	2147483647	4	345
154052	189819	2147483647	0	21
252078	87181	57320	5	352
257911	217677	66289	5	344
20391	80063	96185	6	330
247136	36184	2147483647	3	320
18620	216297	38674	6	336
126526	292573	2147483647	3	248
231478	277047	31165	5	264
200305	173939	2147483647	3	9
182435	59109	2147483647	2	3
246781	146092	2147483647	3	279
145089	71135	28258	6	249
170535	121171	26198	5	219
88489	239263	36104	5	331
37073	142543	62346	7	330
171141	82769	57723	6	365
44557	253349	2147483647	3	245
17958	167690	57694	6	292
270460	8622	17752	5	294
209901	256708	5646	6	295
252108	208813	16722	5	229
156901	121951	11635	4	201
296506	73806	2147483647	5	230
285410	89245	58856	5	193
207168	54069	51159	5	240
213454	140437	37528	5	322
167786	245792	20169	6	347
202214	242244	2147483647	3	267
67369	188919	2147483647	2	31
17781	218410	76788	5	336
63502	271690	63285	5	297
20137	147396	2147483647	3	319
60033	267905	2147483647	3	314
113831	234545	15171	5	241
185538	39567	48832	5	72
215090	43331	45783	6	253
288679	51991	38901	6	256
82011	20933	2147483647	2	276
224063	151536	12611	4	214
199488	10273	7186	6	276
291024	300417	73591	6	184
197289	275408	18398	5	254
9008	250908	13710	6	244
242099	209219	12361	6	206
243625	48656	2147483647	4	301
134528	130937	10099	6	371
263308	131729	2147483647	2	243
117030	25684	58292	5	315
275531	137181	29827	5	332
93210	123783	2147483647	3	5
203412	99215	36049	6	251
51475	175774	2147483647	2	7
60715	110953	46460	5	277
253326	241096	2147483647	3	16
219041	100028	72003	6	301
280609	151448	41966	5	291
203884	200597	11302	6	299
67060	73278	2147483647	0	12
58148	123767	2147483647	0	10
206075	69718	2147483647	3	252
32871	283402	2147483647	0	18
160789	233506	25838	5	280
293454	259203	45653	5	191
309090	94800	2147483647	2	224
188455	235865	8309	3	237
11727	243062	12254	5	239
124212	274887	2147483647	3	7
261308	261401	2147483647	0	9
105654	168421	2147483647	0	1
140554	23977	2147483647	1	15
279298	224511	2147483647	4	9
67332	131633	2147483647	3	35
307421	248655	2147483647	3	338
6854	172182	2147483647	5	326
275946	239231	2147483647	2	268
242425	121790	19354	6	220
127081	30995	36664	5	247
65340	1140	2147483647	1	43
71562	147584	2147483647	2	302
128618	222914	2147483647	2	10
178985	211303	6439	5	287
268377	50671	2147483647	2	196
292436	254759	2147483647	2	212
55421	153104	42193	7	340
55091	274931	2147483647	4	351
109834	301242	58409	6	320
251382	70126	2147483647	3	342
103313	107504	18418	5	243
299915	303471	2147483647	0	8
87852	48354	2147483647	3	11
20874	232037	2147483647	2	14
169392	112609	2147483647	3	255
262116	97014	2147483647	3	330
37603	245890	2147483647	2	9
189736	252161	2147483647	0	7
62091	267787	2147483647	2	255
103118	1755	2147483647	3	255
207783	24150	2147483647	2	283
105329	297921	2147483647	0	5
136815	52996	2147483647	1	4
304568	187428	2147483647	3	251
81486	58689	2147483647	2	279
163288	104628	68266	4	259
292172	103634	2147483647	3	255
244360	283599	29049	7	341
158946	122806	50238	6	308
294595	311605	4690	3	284
300813	249468	47905	6	240
306403	25952	26454	9	314
81528	72146	2147483647	4	5
33133	186293	2147483647	3	10
238701	219140	38203	5	273
178237	38955	2147483647	2	176
227008	290425	7258	4	261
196322	160536	2147483647	3	253
84598	79924	2147483647	5	356
292701	173658	9647	5	215
264091	170690	2147483647	3	322
86195	168830	27265	5	338
177811	113525	2147483647	2	200
76718	70633	2147483647	1	6
166366	107174	57138	6	312
198749	129615	40038	6	375
219002	242691	38105	5	345
255759	91671	2147483647	3	4
148389	66603	2147483647	2	289
264838	125872	2147483647	3	336
173394	92387	55486	6	341
228188	132272	41244	5	224
227254	244147	2147483647	3	268
123852	143571	2147483647	2	317
111918	62887	2147483647	2	317
81639	204149	2147483647	3	242
74012	210892	47233	5	304
300296	241062	2147483647	3	275
153574	19796	2147483647	2	232
249197	22827	2147483647	2	14
196910	204054	12557	5	255
160510	2229	2147483647	2	226
164856	230655	20205	3	334
50498	284364	2147483647	2	10
56702	29700	2147483647	3	1
283288	137597	38105	7	327
250757	138876	2147483647	2	254
165743	27975	2147483647	3	353
263039	123848	38378	6	289
293704	32041	2147483647	3	278
158606	181724	2147483647	2	308
263231	166460	36279	5	249
134075	242666	2147483647	3	384
192791	164253	2147483647	2	215
12173	220927	2147483647	3	334
198786	219065	2147483647	0	3
171024	137054	34633	4	221
155871	114291	2147483647	3	3
37605	235276	2147483647	3	15
88346	193744	42957	4	336
140160	44872	2147483647	3	323
294912	260920	2147483647	4	348
178775	284675	2147483647	3	254
234242	26769	2147483647	2	142
221895	97080	2147483647	3	324
20579	224234	26175	6	323
184222	83647	2147483647	0	8
10369	173703	13335	5	279
842	6677	2147483647	0	1
190665	163631	2147483647	3	240
68233	272118	2147483647	3	56
167016	213571	6267	6	274
3416	234117	13759	5	286
131062	86397	2147483647	2	245
291183	26934	82370	5	251
125494	147924	2147483647	3	6
234662	100669	48695	6	283
253081	222109	2147483647	3	3
223569	163174	2147483647	3	321
171379	191510	2147483647	2	1
221499	277045	2147483647	3	5
290336	31288	2147483647	2	198
218697	266194	2147483647	3	316
295870	302827	28535	7	306
40171	170504	2147483647	2	15
8044	225367	2147483647	3	333
53083	310705	2147483647	3	377
98419	196479	2147483647	3	298
294390	68912	2147483647	4	338
312230	306309	2147483647	3	252
251499	309965	2147483647	3	205
145798	96705	19417	5	268
41514	8508	2147483647	3	2
114112	136988	22202	5	221
2867	145959	12910	6	282
72682	117039	17737	7	302
234892	184526	13350	6	263
245774	101033	2147483647	3	311
52765	20229	2147483647	3	9
40010	199495	58939	6	307
1321	304671	2147483647	2	14
269184	31949	65495	5	385
48271	151088	2147483647	3	255
99797	92628	37005	5	321
230749	2036	42625	5	218
83565	243881	2147483647	0	2
249165	34563	2147483647	3	5
33050	22396	2147483647	1	7
48642	217536	2147483647	1	15
138865	119091	2147483647	2	4
67343	111733	2147483647	2	35
172897	307914	2147483647	2	276
196761	79296	17418	5	229
260345	250154	18776	6	320
22285	297001	2147483647	0	4
165182	184169	14791	6	293
21426	45248	2147483647	1	4
91467	283171	2147483647	3	258
296291	87227	2147483647	2	206
63472	91763	85243	6	299
50853	261424	2147483647	0	10
203941	52322	2147483647	3	4
56787	125865	2147483647	0	25
35823	309287	2147483647	2	229
43169	20232	2147483647	3	5
223916	253820	2147483647	3	238
