Node1 	Node2 	Distance	 Time	 Settled
209956	148291	89215	111	111759
177361	67048	104831	170	286533
158115	149764	42873	30	37818
155142	160484	3770	1	151
52880	305102	75912	147	162800
290182	115892	48942	66	116289
262744	214829	21510	9	12590
269900	49621	107611	133	219741
117833	151823	36034	22	45557
267197	186406	14330	10	24137
26476	180488	41134	13	28058
267776	66017	59299	42	85542
63194	260337	50462	9	16089
43227	185283	26093	6	16576
72600	300135	31274	80	162467
176070	44958	34626	125	227551
29658	263257	48871	18	41797
225002	170423	47434	17	40525
172034	158709	29258	3	6895
281516	104251	108798	184	193249
57040	39524	21968	1	1801
306230	112717	59975	81	110555
243711	12750	103116	94	178915
281839	234963	17040	13	27915
253090	81885	176475	85	167748
274987	248509	115085	125	216575
145045	165667	21433	19	39980
96554	168776	61553	58	106024
237341	241793	15124	7	16280
59000	122168	171737	139	288222
19308	133669	49591	37	66084
147889	33322	109622	188	287055
251907	34629	78392	94	174263
154327	161692	196052	139	293565
146713	293307	22114	11	24846
175520	105578	31473	65	135452
33488	216496	97149	88	161710
205557	257532	84466	86	178632
84290	64870	53082	78	166710
158490	61706	115443	77	153457
282744	223716	21490	11	29020
167518	284188	18872	12	27884
206901	151755	26411	31	67430
257944	115573	61911	6	15773
230300	75632	23862	125	172448
70607	308651	85741	28	62570
179547	43761	85855	132	218378
276395	128136	123039	136	265332
260060	2604	71557	79	146814
116179	43717	75760	132	256181
256469	309702	121353	128	233785
22390	117004	73189	77	135670
159261	228273	49756	58	101730
255886	207077	41802	10	19206
119042	258827	83227	16	33160
212428	191251	32914	41	62312
184230	195198	26825	22	42047
186503	220790	45108	77	60356
88560	244463	37368	3	7707
212685	22594	33362	38	79632
129964	131955	73070	12	30515
25019	294304	26659	4	11267
35889	35278	11963	1	682
211313	11145	24289	20	36134
90043	289407	23113	20	37457
304865	265893	41886	18	37635
57289	203448	56345	84	139567
84871	160209	20210	2	5516
73685	302092	26090	45	87812
1142	198337	110065	68	143114
64270	203530	82704	77	148771
4444	246378	88709	71	113622
73242	186537	35274	3	8363
115799	82547	26235	51	91991
66635	26603	66354	3	10742
290417	147377	100002	143	294944
75633	84977	69214	7	16296
127394	145311	26385	6	15219
182863	73002	26391	27	58843
160564	276265	31746	24	50557
23339	292868	24844	19	42061
193491	108857	31442	51	98755
4690	99548	32960	30	70114
295342	27237	169103	161	276339
60355	286876	65738	37	81702
99131	264670	75250	61	126890
57633	213367	72904	44	90662
146816	225099	11954	5	10569
127579	290166	94659	36	81557
215672	33524	88007	91	184162
150416	28578	78509	64	127551
262091	294294	5038	3	7291
217270	308050	67842	141	265096
75072	118323	142339	26	56800
197058	302816	12920	3	7878
102216	240888	46679	7	20489
180719	235410	32762	41	89438
196581	260173	40366	40	86858
137541	100810	77408	117	221676
52643	199027	146415	71	146440
308481	80770	36620	97	114645
93110	221928	72484	84	158718
170788	87400	43051	43	78180
289102	103320	25212	21	42114
126856	76588	83294	61	103702
160967	171656	20774	13	28830
120588	124235	200601	149	298209
87232	226568	162614	65	126788
121626	18997	107333	129	224842
170502	174888	61349	73	148031
68397	258543	119629	121	237957
186927	283523	9481	10	21462
143013	25496	135463	88	174894
114156	70994	183307	176	298055
33975	294894	52943	20	46832
195852	43687	47209	118	247304
109671	103181	26922	3	6485
107082	127471	77561	107	215799
66028	149095	57452	42	89564
46190	159674	85005	59	105845
223707	20785	92770	45	96159
81084	36545	114284	33	77565
73697	213132	26018	11	27375
286137	35802	59376	61	121626
299611	88193	48504	57	118593
140585	233424	67805	60	117604
85794	115786	77071	56	114177
129200	87748	62702	43	95621
209033	134809	30490	2	5899
168925	103829	48023	36	82344
145851	169626	32830	9	22991
187926	123391	32481	11	27283
217343	126596	110329	163	237473
191537	22078	49004	4	10708
89136	230314	82264	58	110716
92017	265895	134184	31	64290
236268	45551	113426	127	234743
76536	289748	38453	38	73258
257523	180427	82493	51	86669
111263	22655	73837	38	78289
59810	244689	95705	100	161731
64389	104203	88988	82	142404
57609	143637	70881	19	44857
181636	160349	31330	58	99496
264635	163844	43286	85	168753
298260	143531	23189	21	43112
192719	213136	24321	23	48926
290201	64464	58637	108	206688
55549	259197	60020	7	18679
2271	144746	87970	16	41257
1919	67222	207068	113	223887
25948	289121	39459	15	32318
172137	310640	25307	92	76431
200908	122924	118765	135	259205
173823	23111	34642	29	42368
34335	150811	78119	55	107691
59434	256770	63354	11	25947
107401	81736	145714	129	256153
32573	105373	92651	27	63701
633	32498	147401	125	265436
286181	296676	8736	10	23852
93301	152634	74682	28	62958
106332	194027	40143	15	35754
113233	292864	31389	15	35369
204994	137979	41660	16	34380
184681	275586	21654	12	28337
93525	211143	113882	45	95975
307815	7031	33818	19	42777
216186	133311	31242	2	7682
11254	119516	58457	75	157016
167382	196428	39074	59	118374
72854	261490	28031	1	3325
6647	187532	44943	46	94493
172176	285872	89941	159	246145
51455	204440	53676	13	31938
32133	216060	90896	57	100875
177201	200914	10413	5	13383
36185	128513	232267	163	296841
290244	16121	35924	28	64059
132369	200787	28092	5	13585
285774	109585	42687	54	106878
41620	21516	27880	2	4887
14349	216131	31346	13	31003
108722	60271	146647	134	260742
225030	8799	56658	114	200652
59972	222356	62611	47	87603
95969	177890	54367	10	22216
96595	90684	79256	75	128269
286367	94444	57867	98	183878
226874	115750	37746	15	35366
216150	110844	78462	88	160268
244275	46889	59069	14	30925
216733	40092	93624	156	284701
103351	93754	73812	184	255387
225636	296570	19638	19	39614
278998	98503	70411	146	228045
237684	74351	148329	155	282641
19200	18473	25747	18	39445
132495	69736	63044	6	11726
90166	225757	16986	6	15739
172452	288878	10350	1	3670
154995	180580	45199	24	47811
179773	131763	91046	89	169302
266267	210009	13861	19	24131
136108	58835	82098	153	176413
248875	37600	117397	57	113712
267693	80133	31874	7	18239
133455	73791	114460	104	209837
66884	23097	73386	8	20515
139636	80178	67839	59	119581
134908	133964	21609	2	2909
249886	216505	36611	70	143940
123508	94149	19008	4	10412
246720	184468	99186	26	58559
153950	152638	55533	62	127038
233756	291766	16189	9	14453
256296	138168	93459	54	27253
180644	263140	29107	14	30966
250268	97319	12405	2	4527
10778	111170	84322	94	168633
217964	203920	1348	0	205
52992	209853	61277	32	61912
100877	227412	21513	4	9449
206957	176913	46088	62	117850
108609	269322	123580	4	15171
249280	165934	37576	12	29877
283889	296739	111870	163	305354
247885	303017	66886	44	85476
289299	214144	4973	1	2041
306645	127519	154422	143	289778
30358	148732	56689	49	98335
266272	208160	12797	5	13374
4799	260687	75728	83	165555
28047	236285	112186	26	52218
249776	8196	68076	72	141092
271199	102585	15889	1	2006
256281	180336	96214	50	90440
304786	115312	46084	76	120710
64782	119989	41412	5	13737
84568	153431	92508	97	166167
71937	202160	23675	7	19762
303989	10937	10616	17	40416
242590	241187	11554	3	6168
39353	19472	129428	115	146539
45287	203347	68425	112	199388
76492	309684	62164	48	101487
47250	179295	78743	15	35114
93260	281872	75842	51	99693
60083	158343	106065	19	48129
142164	201470	28915	5	16638
56964	194836	140369	113	204126
289217	49929	110765	120	228099
60031	263175	21290	2	4784
233923	87067	29275	108	203773
136223	130281	10190	1	1710
150338	296063	13453	4	10897
256524	286536	51108	37	80084
210758	105316	41294	67	131512
204156	252698	18788	10	22374
32155	222487	70874	11	26837
62818	37193	50812	10	24654
179949	105420	67651	72	141706
210666	189608	33085	37	74967
28383	130256	64052	3	9677
213221	151612	26551	45	95612
289207	109754	63321	64	122858
97111	147432	153525	205	260838
186889	247308	192782	159	298419
88860	132713	42221	4	11987
280443	120328	47975	21	46991
18392	241566	27391	39	82026
247161	299730	27159	60	113998
94598	146924	29379	14	32385
35423	145559	60318	4	10857
186615	94926	35991	61	118563
219551	79177	19489	19	44607
114965	196947	41747	39	82721
91876	85990	136226	144	298838
198459	176745	16472	16	36707
110205	218093	93377	14	36064
261351	117451	97788	28	60771
154528	245890	5265	1	1922
261983	241567	19841	24	53040
55166	122975	143201	90	188027
158128	135549	9343	1	1392
158154	181466	49653	87	122744
79745	54566	233381	151	292145
89106	216988	41969	40	91084
312006	137044	47191	146	80631
141160	131894	112113	84	159563
137711	177497	44310	22	49116
260245	266477	61452	27	60145
5187	163912	71521	142	275847
216878	45788	73949	142	234341
127772	181920	48627	69	108875
201516	311689	34145	151	227205
278259	294307	6207	0	2076
201435	267122	34922	61	76922
13903	259286	82988	62	99540
230104	100196	33672	95	149698
221607	217605	38589	52	97377
129930	124000	8718	1	2503
212866	68825	31910	3	8970
199999	182456	17098	10	22679
228872	122292	20877	7	16336
301615	166197	24303	13	26598
22628	118906	84951	48	87428
6985	109929	80520	110	187837
110600	71315	104318	10	23199
283058	78524	44646	68	113720
218613	133357	53138	15	31081
112998	166613	39833	35	60258
230436	47907	124024	161	275410
1005	99678	145551	71	121344
282259	197563	72634	62	129073
123596	63937	119476	22	49285
173491	132888	35336	28	62018
14486	10846	31827	50	100773
287736	4444	6791	8	20548
57031	37163	66567	3	8700
155260	209788	39687	12	29226
174523	77421	62641	38	83988
221533	156827	155684	28	67004
276104	40036	63591	76	117697
17211	147398	150968	172	307278
144871	198399	34372	64	113268
69324	309067	95799	91	153133
159815	254071	139360	79	146425
158279	160744	23934	2	4694
20526	23102	80705	76	155098
249221	45696	95053	107	196107
103797	277198	177710	173	310369
231433	185309	28554	44	88065
153996	280612	39880	6	15627
175668	248739	83888	73	141783
15132	229225	4313	5	11432
101151	153560	45886	42	82371
99345	57094	54011	6	15470
134723	150532	75028	26	54717
180256	187387	16373	37	77011
235772	28776	66254	70	137962
113532	203957	86862	62	122935
92052	183302	146779	49	101220
282308	45078	112915	140	298125
115088	299352	18858	24	54519
310489	310021	11631	40	84618
164966	208516	10572	19	44017
37565	85646	97325	32	72404
275398	43411	78357	75	152169
211385	68930	95691	91	194730
307236	295524	17780	6	16468
252356	61527	62656	87	186185
219879	211470	51709	36	76266
155457	9250	29143	44	86327
265238	195866	24464	20	47382
133622	154209	66975	17	41860
144583	300564	23841	23	51430
61786	211666	62561	116	213624
150707	221718	26931	17	40558
125915	45559	143280	28	72137
224552	146699	19800	5	13206
143698	292813	24517	9	23904
240022	290815	15893	12	25946
237443	166865	26682	20	46314
45488	298016	75300	29	72766
196483	41028	35165	108	205999
150690	151754	54351	20	40619
151361	21360	201544	139	298842
208455	290286	12032	3	6458
28052	222789	256900	142	309943
2004	76215	68203	61	123344
168149	306516	38970	76	161101
104752	158561	50872	1	4283
159768	182786	84291	16	40941
43805	175074	75927	73	151624
101073	67974	111716	127	206745
261069	5118	81376	92	189697
100594	26286	118990	125	268023
190795	163987	30981	33	74084
13233	306806	128104	100	199864
172441	213160	34413	28	63852
21197	106560	52216	5	15014
204105	304059	14586	4	9112
161135	287829	97674	38	83662
59862	302010	45338	23	45440
249828	50651	83164	73	146762
57965	91087	111492	139	267015
93893	30103	72669	19	47655
48383	117633	32744	1	2742
75633	119961	45936	6	15887
233151	97720	59971	92	194248
278850	162026	70534	5	14346
285619	293433	6250	2	6866
178226	133384	52707	59	124204
161142	250772	164534	145	302109
35069	242672	51381	18	43985
89462	11137	91840	43	91670
271860	3770	67543	89	181719
103040	196833	53329	18	39411
106148	197711	69519	23	55842
81840	140684	97900	23	56697
109678	255424	24129	5	8177
141594	176132	40179	23	50972
208481	238122	25105	37	81856
39000	203657	54073	64	130010
197025	116750	15185	0	1573
44506	205876	78289	94	193482
37128	117614	95526	18	42533
24966	55752	51266	6	15442
201663	180833	19300	16	40226
113434	120098	102628	53	109296
266661	104593	58524	107	211698
124148	301676	91531	32	75595
178275	70347	90098	86	175258
244685	187649	69579	79	153561
147094	290881	17512	5	12676
155832	88197	30677	40	84753
66177	243782	90953	46	97726
31240	245985	37485	15	35794
96952	186153	52829	19	45572
44149	81964	62087	1	5238
70669	222751	108769	81	184037
177398	251519	29728	38	82126
142086	70645	74195	110	242192
85904	296337	102024	62	114394
308576	86134	53087	127	234805
56633	114592	42186	6	14844
148293	172778	53104	4	11084
87518	251569	40032	4	11436
86511	129245	88249	57	109646
74820	145645	58540	8	20466
49369	161791	133262	68	141563
296822	293255	16901	6	15359
200622	53686	47835	26	56869
18039	232738	121783	21	52061
247314	28735	154635	24	54212
121244	283360	28844	7	17009
267007	230778	36204	28	61571
262757	10941	24906	13	29223
121004	148232	62541	8	23575
196305	308591	52007	109	214939
68216	48985	61191	7	17260
214421	44301	80892	86	176405
290157	302573	21574	23	52345
16994	13368	67644	67	136420
185827	194816	14616	18	44926
46063	117533	117367	93	184434
16809	139922	43783	4	8933
298553	212216	31928	52	111399
128763	279280	56743	4	13218
74684	249883	23310	44	96349
37195	93743	127012	126	254077
122443	134094	56224	3	10456
208036	61895	57372	71	134031
110514	140302	86454	4	13911
96513	47508	77951	104	200011
218243	242587	30346	69	141768
258034	310384	88858	30	64925
87124	53435	42003	4	11696
160167	160384	21266	6	13306
61814	17674	63550	12	28466
303498	311124	34720	24	54614
9489	138127	99666	79	166302
142756	180475	22717	5	14149
284358	89033	41226	54	111819
32597	31636	21821	79	133810
261353	225197	42209	11	18583
258257	52019	51270	4	11451
208013	150140	26452	27	57501
207956	160928	48677	8	19285
214854	165451	20222	25	52763
258923	144352	58483	20	48760
214058	177200	16894	6	14334
65525	229457	48399	14	34307
187435	195226	9322	3	5985
253571	216604	98457	83	175867
106505	231752	57216	12	27829
17077	181671	33133	20	46609
17111	79604	42592	31	67203
99587	85245	152557	152	289056
188585	55817	63493	70	143125
176643	101410	43450	24	52646
167074	278282	15489	4	8613
132094	31884	42830	15	26026
90960	32533	69196	102	137142
27084	292352	111570	35	75543
94935	122554	159066	142	292505
109226	128118	162806	138	287609
243928	118078	98507	89	177873
71214	217516	25587	24	54061
8067	302946	30315	5	15199
185161	108020	42346	67	125779
23898	104573	71734	105	190231
146909	192394	24655	19	43552
302511	198754	34971	17	41303
104678	297697	61850	26	52965
223790	177899	34632	63	72089
140074	251588	50646	13	25437
66436	180067	121600	59	73597
196206	299339	8166	6	13755
270433	112586	137219	167	269710
217839	65965	39757	65	117550
39483	261775	54277	6	15660
25436	249853	109782	21	49991
310966	253926	97374	101	197465
272634	186966	37673	4	11418
310622	205435	22074	62	123542
2849	189672	57706	56	103201
207994	197490	39323	117	166980
270579	42387	103065	138	204100
311123	246895	25119	19	29369
84912	34042	62796	43	75057
201122	151171	30404	47	92995
132254	302431	55217	87	122587
163655	256290	123590	120	200727
223243	77523	41474	55	103664
274317	125728	111626	174	251904
77930	132291	76263	6	13378
203163	114526	62823	78	150953
189230	173906	19015	27	46338
109712	264539	69877	80	143602
55574	77951	119164	57	104954
1725	14868	12287	9	17252
237749	132809	25954	7	15234
160169	208597	19004	8	15826
113654	14526	75671	11	23159
26654	60022	81519	94	150050
283445	57338	36594	16	32588
65912	18561	40035	15	32161
296559	120195	42898	126	244396
233452	281111	11963	5	8741
47138	236289	52417	17	38111
134494	17242	115423	125	205706
29251	264976	67276	63	117188
77273	228870	35547	19	40119
28188	296513	119275	10	23972
96919	50867	70573	33	61748
80778	175377	27080	8	14464
296330	203451	20886	35	69018
186299	12948	80825	90	164810
166385	86914	72987	65	114584
166016	14141	29161	6	13526
120479	190457	29161	2	6923
62254	288796	42981	29	58934
226266	154559	16227	3	7951
231762	108712	117378	146	218520
232333	129802	87023	76	159831
27598	48798	82524	5	13438
209122	113794	30491	24	41684
131322	139046	82794	25	40517
298773	216870	18370	42	78401
250895	109439	184329	152	307871
182028	69647	95203	95	160286
33979	305544	53329	16	35428
153168	8548	28519	11	27553
93442	116458	20427	1	3176
7640	152982	31449	14	33525
18754	112988	99649	45	95644
250483	107845	27950	7	20061
56277	2276	146890	91	179811
167007	217766	17051	8	19475
137422	290157	34249	11	28309
206153	159476	52864	60	116490
248910	206115	86546	24	49865
59992	45018	42208	126	215649
153912	185983	37046	48	58338
253516	130708	164365	155	249558
201577	126888	55665	63	138105
309257	67034	109573	131	287421
108245	243416	39812	5	11435
126738	245778	81803	6	16318
24083	26832	101208	36	65191
232872	190320	29987	29	58498
27813	148818	101703	37	82938
180843	280955	83134	86	177620
241749	208214	22136	21	42781
242528	1627	52531	59	121543
133764	158101	70766	50	101483
114992	246452	107462	69	139974
246261	250301	21877	16	37287
292948	160930	58991	50	105899
308738	187919	34404	67	141456
139845	178297	60287	26	58617
127866	28730	114345	125	242873
111303	213331	83310	55	110873
55140	231723	61295	17	40951
239962	33397	61993	28	58785
197586	205469	9303	20	49438
204531	212513	10820	2	5881
205286	101593	35660	90	187082
143149	243132	40811	30	60157
33290	87518	64100	8	21248
50785	82928	80733	65	127325
181218	164135	128497	138	272359
163157	1285	126294	81	168217
216065	151595	28541	29	63139
235534	149962	20918	18	42223
291631	243139	22936	18	39164
224655	271114	34661	63	109418
264850	26228	38050	15	25273
190343	224134	38395	68	115385
20449	223316	51066	18	37593
76920	129517	63453	13	28890
135613	134180	59543	81	128662
191519	166939	49290	12	26648
8442	281693	104504	119	227979
10253	286453	15738	12	28014
204976	43178	49599	114	243158
252720	58853	63628	82	153794
87370	210665	41685	58	120029
170554	270686	33980	8	20964
280525	218720	18186	2	4626
41144	201776	93263	96	193992
199311	30250	138472	145	310783
78273	291579	20732	15	35277
770	231729	133129	61	125124
121872	149149	42918	80	171540
273392	203121	36144	33	72829
154495	271567	59844	126	244857
274454	96601	32921	116	231594
41115	244656	106313	70	140258
233160	185159	29189	35	75466
79	193138	64736	41	88173
303954	247233	134665	143	305948
9648	156662	57696	58	122964
54640	218104	91755	43	93897
92980	102038	133024	75	158706
147254	78742	139272	137	296233
165225	141110	30462	12	28429
109788	79814	51793	12	29258
275967	91797	79952	104	156067
307248	288037	15164	10	21052
224569	53034	74274	71	118352
227993	289010	9628	12	29385
301011	39448	78279	59	122120
128918	115455	101953	140	280847
42816	194822	62051	78	144542
185218	257465	86690	82	158244
111597	122056	63515	6	17783
41121	66110	191804	171	296668
161057	111033	148858	14	39377
91507	99843	91863	67	135968
12303	34841	99435	122	193803
301126	61944	52722	86	136770
238176	209528	7090	2	5195
288434	134255	42082	32	64734
31565	83396	91852	92	150811
98839	203895	42654	47	98235
121033	291467	43901	24	50341
99737	5375	71584	125	262849
287393	137053	41874	57	109746
129109	129069	165973	150	294742
206469	112542	154749	128	279393
191070	145449	36074	35	78819
209795	200854	14884	14	34382
277172	72353	133984	24	59006
26085	74190	75693	129	260411
55483	295267	58926	11	25904
280478	206872	42095	17	38679
167995	104673	73648	113	211105
113896	226774	24918	12	28581
275776	32139	81878	145	260949
106553	233786	53499	6	11389
170152	32552	78482	27	52762
68120	90460	151487	165	302065
83620	84920	153671	85	174489
246592	295585	8551	1	3251
229326	51293	99500	93	185526
90049	161238	152773	140	290144
272480	266273	52355	8	19852
33989	115954	53071	6	17007
119798	270033	65148	47	82340
274297	74646	157860	175	290427
44547	84232	168728	151	285103
154741	178564	23962	21	38884
98458	190654	58159	40	81560
93459	118447	117549	82	170993
89688	102560	51336	130	249631
36145	93396	134058	77	146223
294097	11782	10297	5	12737
185022	8414	23946	26	56621
56873	38900	76139	2	6276
291146	94040	51381	102	200060
158179	53468	68643	122	241303
4915	201170	105816	72	148275
183003	174140	6942	1	2068
98357	53495	91805	92	187490
81675	44147	122143	166	289681
263225	24386	49325	27	61156
245583	285180	19466	7	16603
94376	280740	95028	92	175506
16652	181625	10336	2	4826
195418	64411	36040	84	121620
309296	12317	53352	12	26899
17164	123377	64675	49	66525
141226	25166	25814	3	6372
176052	277265	203974	260	309707
89663	215346	20861	10	14298
7455	144177	59207	84	114610
260926	188019	59263	54	91691
122632	77310	56854	66	117798
213422	252308	12539	91	177234
158018	156540	14518	1	2696
268784	109058	53810	103	173805
132210	71352	103716	145	202419
199729	226979	21060	16	31304
210163	158381	31730	24	42050
6725	11673	23110	12	24824
80081	302486	77831	90	169971
221015	102929	53234	69	116629
228115	303339	13510	9	16502
5218	215901	179118	30	62415
80207	54899	81219	106	194140
153660	250442	59422	79	123790
114123	105956	36489	25	45070
88295	76534	60374	128	242525
96861	197594	69462	65	94958
77973	271995	150373	149	261156
217509	11956	32107	34	60209
251097	85968	88047	147	249128
246042	96190	23927	121	200081
95422	35940	82435	20	45180
186196	164547	101170	137	278448
148814	58671	53176	14	28135
60339	2823	83884	45	95710
225373	83084	52562	141	254759
51194	36796	174079	154	255455
116906	67726	119474	159	298533
113985	135982	259063	162	310940
83006	128271	44363	34	66917
163148	193725	42842	33	69582
225603	200558	27153	48	93496
177461	39534	77527	84	160323
56635	110086	199279	143	288632
41872	235926	47153	27	49944
210609	263118	29439	15	32781
4792	253634	96477	144	274220
311868	162499	61068	73	136218
274583	259929	82571	85	142510
26082	2549	110797	113	222392
104592	250616	64978	27	61865
199664	128012	49348	59	111562
271372	104795	123300	126	221674
303480	48092	67574	112	200784
122994	17462	85961	24	50976
228539	218186	31584	82	143420
284795	286864	9392	11	20116
74430	216296	125473	37	77155
188821	231020	20738	9	19301
57906	64725	34866	3	7163
267554	271811	74630	68	128813
261231	242705	31576	4	10794
98400	271149	27096	2	5352
253688	296710	77245	36	74987
97230	120639	45128	38	71584
209507	121756	31890	21	42479
238581	162082	50978	60	106336
95258	199455	55524	37	74810
254464	60020	156251	123	219648
118607	305979	33569	21	44476
92117	130758	69068	3	8258
92292	241464	79425	35	70048
150071	35123	64859	70	136857
281534	38508	156988	133	241977
307238	129805	86635	80	150057
160892	128820	199842	157	294630
304896	235384	8792	4	8126
100715	280649	106118	116	203524
64151	24419	66150	49	94207
204167	280526	55053	67	127483
148623	273157	23413	4	12569
138191	145031	53144	47	69156
39443	232283	70538	25	52939
156031	53261	122976	146	283875
133936	82197	46020	17	39033
252010	218165	33094	67	125745
23981	78806	63653	117	211739
154052	189819	18570	3	6624
252078	87181	70820	99	190102
257911	217677	84600	47	93745
20391	80063	117310	132	232072
247136	36184	102539	86	167421
18620	216297	55985	86	153411
126526	292573	23177	37	74552
231478	277047	37755	25	47673
200305	173939	14565	9	20537
182435	59109	51797	70	114852
246781	146092	30265	19	40176
145089	71135	41988	54	102819
170535	121171	39389	6	16497
88489	239263	48502	54	98427
37073	142543	76140	97	179911
171141	82769	71002	86	140854
44557	253349	113880	137	262168
17958	167690	74869	64	115363
270460	8622	24826	17	37063
209901	256708	7190	4	9232
252108	208813	19219	48	93848
156901	121951	13110	1	2416
296506	73806	139007	144	278013
285410	89245	82448	87	167143
207168	54069	70671	92	174241
213454	140437	48525	6	16587
167786	245792	21492	4	11028
202214	242244	19826	25	52208
67369	188919	95696	86	163233
17781	218410	103081	92	178595
63502	271690	82274	90	154701
20137	147396	132590	84	160488
60033	267905	48198	35	71488
113831	234545	21387	10	20274
185538	39567	58229	38	72252
215090	43331	57192	67	120550
288679	51991	48296	38	78541
82011	20933	155577	156	282157
224063	151536	15973	5	13565
199488	10273	15194	10	22597
291024	300417	79553	156	285210
197289	275408	27462	16	31774
9008	250908	18490	16	31972
242099	209219	18176	33	64177
243625	48656	69879	86	164205
134528	130937	10650	1	942
263308	131729	98598	115	199301
117030	25684	69422	57	100553
275531	137181	42727	13	32490
93210	123783	77871	19	43866
203412	99215	58137	104	196115
51475	175774	62894	23	47946
60715	110953	62553	12	24371
253326	241096	72473	31	61138
219041	100028	88748	129	228780
280609	151448	53568	31	64663
203884	200597	13551	8	20562
67060	73278	84772	7	16412
58148	123767	70525	14	32172
206075	69718	86294	74	141293
32871	283402	81115	35	71529
160789	233506	32265	29	54655
293454	259203	53598	44	86836
309090	94800	32751	40	70436
188455	235865	15253	11	23248
11727	243062	15539	15	31370
124212	274887	98933	13	32021
261308	261401	55352	47	86941
105654	168421	50687	64	114149
140554	23977	31591	4	8878
279298	224511	43434	18	36915
67332	131633	53562	4	11870
307421	248655	85033	59	106785
6854	172182	40070	9	16108
275946	239231	26040	22	44329
242425	121790	28767	17	35489
127081	30995	41492	27	54049
65340	1140	24109	2	7454
71562	147584	168982	159	303200
128618	222914	112197	67	131595
178985	211303	7884	9	21320
268377	50671	137164	146	279110
292436	254759	76426	143	244300
55421	153104	48353	6	13977
55091	274931	81272	77	143277
109834	301242	84567	122	220802
251382	70126	76987	36	73921
103313	107504	38719	16	30231
299915	303471	11067	4	9062
87852	48354	59448	8	21053
20874	232037	73491	21	42554
169392	112609	123231	38	74602
262116	97014	62538	111	197806
37603	245890	48252	13	27188
189736	252161	17757	3	5628
62091	267787	82859	40	80122
103118	1755	40680	37	78392
207783	24150	27180	12	27859
105329	297921	55795	49	95822
136815	52996	105315	124	231042
304568	187428	19257	14	31139
81486	58689	100378	153	280671
163288	104628	84718	132	222867
292172	103634	59472	119	218255
244360	283599	41832	14	28539
158946	122806	69743	46	94360
294595	311605	7505	4	9452
300813	249468	63703	109	149262
306403	25952	35024	17	31114
81528	72146	37640	12	25864
33133	186293	116949	69	130981
238701	219140	47316	46	89824
178237	38955	88995	91	165758
227008	290425	9113	8	17394
196322	160536	164737	148	288279
84598	79924	46464	4	9987
292701	173658	14389	8	17290
264091	170690	56841	74	140938
86195	168830	33844	3	7400
177811	113525	68105	144	278098
76718	70633	149577	84	173636
166366	107174	70696	88	169635
198749	129615	52162	65	112090
219002	242691	51590	26	51529
255759	91671	100971	135	243057
148389	66603	178067	124	230860
264838	125872	54286	117	212371
173394	92387	66889	60	113510
228188	132272	54743	63	121802
227254	244147	58694	66	109868
123852	143571	17803	14	26518
111918	62887	96711	30	61188
81639	204149	45884	76	147955
74012	210892	65144	37	72329
300296	241062	8555	6	14981
153574	19796	59131	28	59002
249197	22827	81665	63	116836
196910	204054	20870	7	15089
160510	2229	19452	4	10419
164856	230655	26543	24	49759
50498	284364	52168	26	48733
56702	29700	70281	7	18891
283288	137597	50064	43	87522
250757	138876	207004	150	295602
165743	27975	37756	7	16511
263039	123848	54929	40	79402
293704	32041	76036	140	269087
158606	181724	76775	27	55973
263231	166460	41976	35	69516
134075	242666	47408	50	97247
192791	164253	140944	147	286728
12173	220927	39615	5	12977
198786	219065	32977	21	42943
171024	137054	51802	11	27249
155871	114291	62681	138	264569
37605	235276	49270	11	23694
88346	193744	61403	76	133623
140160	44872	50140	8	15265
294912	260920	67750	64	112277
178775	284675	19623	20	42916
234242	26769	120198	151	295417
221895	97080	48495	103	195172
20579	224234	36581	22	41642
184222	83647	149609	141	259766
10369	173703	19358	12	28569
842	6677	78718	39	84574
190665	163631	54356	143	250107
68233	272118	103229	81	149782
167016	213571	6878	2	5108
3416	234117	21220	10	23620
131062	86397	135634	162	278189
291183	26934	107077	68	132018
125494	147924	72626	29	52271
234662	100669	65509	115	208711
253081	222109	144963	62	115813
223569	163174	21016	2	6245
171379	191510	26825	5	13071
221499	277045	110594	9	22196
290336	31288	206433	149	286907
218697	266194	146906	148	286551
295870	302827	33441	74	140686
40171	170504	106129	97	178380
8044	225367	44089	30	60537
53083	310705	56832	23	46270
98419	196479	36238	30	59266
294390	68912	88250	72	134988
312230	306309	17634	50	91012
251499	309965	12085	4	7745
145798	96705	27567	116	206734
41514	8508	41464	2	6015
114112	136988	26223	60	106692
2867	145959	15617	2	5232
72682	117039	23327	2	4708
234892	184526	18078	8	20931
245774	101033	86070	99	183892
52765	20229	189408	128	227438
40010	199495	68524	77	140180
1321	304671	28013	7	17740
269184	31949	79990	86	142890
48271	151088	61176	42	86853
99797	92628	50945	29	57125
230749	2036	54621	39	77011
83565	243881	142039	64	122335
249165	34563	58438	5	13396
33050	22396	82688	10	23747
48642	217536	83569	54	105550
138865	119091	112299	6	11773
67343	111733	144857	126	221175
172897	307914	54323	47	91766
196761	79296	24784	29	54693
260345	250154	26192	3	6566
22285	297001	154736	25	55289
165182	184169	18712	9	19936
21426	45248	72330	133	250454
91467	283171	51816	12	26918
296291	87227	178918	151	308495
63472	91763	108916	124	212371
50853	261424	74241	9	21446
203941	52322	68529	83	158903
56787	125865	60759	16	35271
35823	309287	54457	63	119025
43169	20232	88946	77	143853
223916	253820	101467	132	234759
