Node1 	Node2 	Distance	 Time	 Settled
209956	148291	89166	137	118628
177361	67048	132876	231	281965
158115	149764	42420	32	36594
155142	160484	3770	2	163
52880	305102	74362	188	162420
290182	115892	48081	99	123769
262744	214829	21512	9	13137
269900	49621	103523	165	214919
117833	151823	35857	35	45726
267197	186406	14330	20	24681
26476	180488	41147	21	29312
267776	66017	58035	73	89690
63194	260337	49665	9	14958
43227	185283	27057	13	20164
72600	300135	30022	125	159664
176070	44958	37673	181	229925
29658	263257	48390	29	38517
225002	170423	45980	27	39722
172034	158709	29388	6	6985
281516	104251	106383	216	186152
57040	39524	21968	1	1782
306230	112717	59976	83	110893
243711	12750	102529	141	182072
281839	234963	17040	20	28724
253090	81885	174922	150	188998
274987	248509	111460	171	218417
145045	165667	20905	29	37702
96554	168776	66618	100	133518
237341	241793	15199	13	16132
59000	122168	170075	213	288150
19308	133669	49096	48	63592
147889	33322	108025	271	286402
251907	34629	81376	141	180553
154327	161692	194911	219	293131
146713	293307	22162	18	24884
175520	105578	30891	100	133379
33488	216496	98773	140	166645
205557	257532	81681	128	168985
84290	64870	50820	123	164003
158490	61706	116020	130	158330
282744	223716	21473	21	29461
167518	284188	18917	20	28167
206901	151755	26996	50	66902
257944	115573	62022	10	15839
230300	75632	22408	176	174880
70607	308651	87441	46	63437
179547	43761	89120	186	220497
276395	128136	123068	199	267737
260060	2604	69559	114	147439
116179	43717	76332	195	255235
256469	309702	120465	171	216938
22390	117004	73431	103	136148
159261	228273	47578	68	91647
255886	207077	40309	8	13563
119042	258827	82623	25	35552
212428	191251	33645	48	64572
184230	195198	26726	34	44238
186503	220790	42883	79	52506
88560	244463	37368	4	7415
212685	22594	32240	56	72914
129964	131955	72982	20	31283
25019	294304	29890	12	18838
35889	35278	11963	1	682
211313	11145	24289	25	36017
90043	289407	23432	29	39384
304865	265893	42253	28	40059
57289	203448	59228	117	149278
84871	160209	20210	3	5568
73685	302092	25866	67	85613
1142	198337	111865	114	148041
64270	203530	79962	101	133691
4444	246378	87535	92	113895
73242	186537	32405	5	7560
115799	82547	25439	58	76877
66635	26603	65812	6	10672
290417	147377	99492	239	295158
75633	84977	69426	13	18963
127394	145311	26380	9	14616
182863	73002	26391	43	58371
160564	276265	31694	35	48408
23339	292868	25280	30	42556
193491	108857	30593	89	103302
4690	99548	33199	54	71328
295342	27237	168999	238	277349
60355	286876	63181	69	93805
99131	264670	75790	104	129393
57633	213367	73365	84	100460
146816	225099	11972	11	10365
127579	290166	94382	62	81091
215672	33524	88540	146	187797
150416	28578	80386	106	137668
262091	294294	5038	5	7711
217270	308050	67862	201	265440
75072	118323	143202	43	56588
197058	302816	12911	8	8771
102216	240888	45947	12	19654
180719	235410	32417	64	89014
196581	260173	40673	66	87762
137541	100810	78219	175	223860
52643	199027	151686	169	151881
308481	80770	37438	87	117160
93110	221928	71082	124	161355
170788	87400	42974	60	78824
289102	103320	25232	30	42652
126856	76588	81994	84	100633
160967	171656	20752	18	27602
120588	124235	201340	224	299605
87232	226568	161652	100	129743
121626	18997	107831	191	229925
170502	174888	58673	109	142074
68397	258543	118470	187	235776
186927	283523	9481	17	22277
143013	25496	136422	156	193785
114156	70994	179531	257	298207
33975	294894	49592	21	32996
195852	43687	47209	197	247379
109671	103181	27765	5	6730
107082	127471	75926	167	213836
66028	149095	58941	77	99173
46190	159674	82711	78	103904
223707	20785	94239	86	111187
81084	36545	110273	45	61687
73697	213132	23860	20	24924
286137	35802	59365	94	124763
299611	88193	48444	91	120611
140585	233424	68716	91	117831
85794	115786	73395	83	106556
129200	87748	66632	99	118888
209033	134809	33083	5	7437
168925	103829	47273	63	83832
145851	169626	32249	14	21780
187926	123391	31168	14	20174
217343	126596	112980	214	243196
191537	22078	48525	7	10722
89136	230314	79841	86	103541
92017	265895	132928	45	63797
236268	45551	113047	190	235900
76536	289748	37856	54	73271
257523	180427	82559	67	85601
111263	22655	71915	47	64461
59810	244689	94899	142	158993
64389	104203	89947	109	134480
57609	143637	72649	47	63506
181636	160349	30954	73	97904
264635	163844	41141	121	163472
298260	143531	23118	30	43334
192719	213136	24816	40	50989
290201	64464	55727	164	203837
55549	259197	60211	12	19128
2271	144746	87371	28	41452
1919	67222	209114	232	241773
25948	289121	39439	23	32981
172137	310640	25303	57	74257
200908	122924	120285	192	262812
173823	23111	34770	32	44983
34335	150811	80778	87	115453
59434	256770	64581	20	29102
107401	81736	144333	212	258852
32573	105373	92258	45	64009
633	32498	145903	191	264666
286181	296676	8736	15	23019
93301	152634	79452	60	85610
106332	194027	38529	23	32145
113233	292864	29989	35	33639
204994	137979	41655	24	35174
184681	275586	21654	21	28941
93525	211143	115376	77	100060
307815	7031	33818	29	43126
216186	133311	31242	5	7610
11254	119516	62393	128	166342
167382	196428	39128	91	118728
72854	261490	28031	3	4475
6647	187532	46569	117	100428
172176	285872	92891	187	249154
51455	204440	55131	26	37377
32133	216060	92485	84	108711
177201	200914	10154	9	12838
36185	128513	228055	234	296337
290244	16121	35933	46	64905
132369	200787	28123	10	13910
285774	109585	43183	86	111591
41620	21516	30559	4	5272
14349	216131	31342	21	32748
108722	60271	143808	204	258000
225030	8799	56586	161	199981
59972	222356	62172	65	86374
95969	177890	54542	13	20843
96595	90684	82067	110	142110
286367	94444	57538	140	185299
226874	115750	37428	25	33824
216150	110844	76211	114	151823
244275	46889	59033	58	32613
216733	40092	90317	222	281169
103351	93754	72609	198	253384
225636	296570	22367	35	50814
278998	98503	69822	176	227410
237684	74351	146387	223	280887
19200	18473	25747	27	38717
132495	69736	63226	7	11916
90166	225757	16976	12	16342
172452	288878	10350	2	3646
154995	180580	44310	33	43185
179773	131763	90568	140	170932
266267	210009	13389	18	21873
136108	58835	86250	142	186707
248875	37600	113524	59	77418
267693	80133	33990	22	30190
133455	73791	60102	162	214309
66884	23097	71977	13	19963
139636	80178	63337	76	99041
134908	133964	22650	41	3449
249886	216505	36762	111	144238
123508	94149	19008	7	10976
246720	184468	101517	56	71419
153950	152638	56639	101	131869
233756	291766	15656	11	15654
256296	138168	93065	20	29268
180644	263140	28723	22	30490
250268	97319	12405	3	4375
10778	111170	86301	132	173921
217964	203920	1348	1	205
52992	209853	61822	50	63165
100877	227412	21513	8	9992
206957	176913	44432	89	114441
108609	269322	123306	9	15290
249280	165934	37576	20	29258
283889	296739	110642	220	304814
247885	303017	66477	74	96381
289299	214144	4783	2	2115
306645	127519	116046	236	292535
30358	148732	57530	84	105152
266272	208160	12781	10	13739
4799	260687	79478	131	170194
28047	236285	111675	40	53730
249776	8196	69525	110	141579
271199	102585	15889	2	2022
256281	180336	95051	103	86926
304786	115312	43300	88	116710
64782	119989	38051	10	12220
84568	153431	90993	128	161176
71937	202160	22023	13	17512
303989	10937	6957	19	24701
242590	241187	11135	5	6330
39353	19472	131617	130	173180
45287	203347	70342	160	204318
76492	309684	61877	70	94224
47250	179295	77652	24	34537
93260	281872	71627	68	90455
60083	158343	112512	40	56646
142164	201470	28915	13	17643
56964	194836	135923	159	196132
289217	49929	110606	185	233168
60031	263175	20322	3	4058
233923	87067	28986	176	203840
136223	130281	10190	2	1686
150338	296063	14867	11	15888
256524	286536	50680	59	78479
210758	105316	41808	102	133599
204156	252698	18862	19	23137
32155	222487	72633	17	23815
62818	37193	50657	16	24413
179949	105420	72336	165	158656
210666	189608	32353	56	74215
28383	130256	64766	6	9979
213221	151612	27085	73	96468
289207	109754	63423	99	123893
97111	147432	152865	203	258305
186889	247308	188437	232	297231
88860	132713	42221	7	11603
280443	120328	47438	33	48251
18392	241566	27957	60	83072
247161	299730	28307	94	117695
94598	146924	29445	24	33297
35423	145559	60725	9	12221
186615	94926	37459	103	123300
219551	79177	15419	19	26962
114965	196947	41605	63	83301
91876	85990	128938	232	296901
198459	176745	16223	26	36482
110205	218093	91030	22	33749
261351	117451	97734	63	68294
154528	245890	4693	2	2067
261983	241567	19822	40	53384
55166	122975	143311	200	187754
158128	135549	9342	1	1392
158154	181466	51568	102	132843
79745	54566	232391	222	292828
89106	216988	41772	61	86960
312006	137044	49854	80	101347
141160	131894	111784	117	149528
137711	177497	43373	32	46745
260245	266477	62931	54	65768
5187	163912	71643	220	275678
216878	45788	70749	171	228736
127772	181920	46013	80	100171
201516	311689	34145	178	225235
278259	294307	6207	1	1996
201435	267122	35840	52	76694
13903	259286	88071	100	128377
230104	100196	33069	122	147901
221607	217605	38589	84	98297
129930	124000	8703	2	2551
212866	68825	29876	6	9756
199999	182456	17098	17	23531
228872	122292	20925	11	16690
301615	166197	24532	20	29587
22628	118906	82788	56	78794
6985	109929	81677	145	192784
110600	71315	100283	14	20427
283058	78524	44054	87	112547
218613	133357	49575	15	22258
112998	166613	39628	46	58594
230436	47907	118188	197	268202
1005	99678	143373	83	108092
282259	197563	72003	104	129170
123596	63937	116103	25	39033
173491	132888	34540	49	61656
14486	10846	33434	84	106689
287736	4444	6791	14	21689
57031	37163	67442	6	8675
155260	209788	37399	18	26564
174523	77421	62785	67	92038
221533	156827	150859	41	58098
276104	40036	63017	91	115104
17211	147398	150492	238	307053
144871	198399	34125	89	113537
69324	309067	92615	117	146890
159815	254071	133660	94	117847
158279	160744	23853	3	4576
20526	23102	79298	126	148977
249221	45696	92884	149	188349
103797	277198	181493	231	310591
231433	185309	28911	77	88814
153996	280612	39327	11	16385
175668	248739	84065	120	156605
15132	229225	4306	8	12153
101151	153560	45892	62	81402
99345	57094	62209	15	22019
134723	150532	74506	40	54374
180256	187387	16373	58	75216
235772	28776	66209	109	140688
113532	203957	84478	95	114100
92052	183302	147416	78	103991
282308	45078	111378	221	297596
115088	299352	18851	53	54622
310489	310021	11955	66	85124
164966	208516	10621	32	42782
37565	85646	99614	63	83761
275398	43411	80313	124	159033
211385	68930	98474	155	200797
307236	295524	18439	13	17005
252356	61527	62122	150	183993
219879	211470	52262	58	77494
155457	9250	27764	59	78976
265238	195866	23528	31	42301
133622	154209	67002	33	45353
144583	300564	24102	38	52117
61786	211666	62609	173	214463
150707	221718	27006	32	41878
125915	45559	144534	57	81111
224552	146699	18791	7	10459
143698	292813	24525	18	26136
240022	290815	15369	20	25915
237443	166865	24810	28	42119
45488	298016	79480	60	80572
196483	41028	36737	169	214169
150690	151754	48744	25	33698
151361	21360	198189	230	297169
208455	290286	12015	4	6153
28052	222789	253228	225	309832
2004	76215	68203	84	111409
168149	306516	39042	122	163599
104752	158561	50292	2	3917
159768	182786	84805	26	38678
43805	175074	75738	116	152041
101073	67974	109459	172	203589
261069	5118	79407	146	187783
100594	26286	116305	203	266865
190795	163987	29808	55	68890
13233	306806	130063	164	199601
172441	213160	34097	47	62952
21197	106560	44148	10	14762
204105	304059	13032	8	11434
161135	287829	95250	56	76990
59862	302010	46092	30	44017
249828	50651	82596	119	148958
57965	91087	109785	211	265289
93893	30103	72605	33	48713
48383	117633	32796	2	2873
75633	119961	44534	9	14790
233151	97720	58892	143	192555
278850	162026	71450	8	14629
285619	293433	6250	5	6926
178226	133384	52709	94	124252
161142	250772	171977	236	303768
35069	242672	49744	30	43024
89462	11137	91483	70	91249
271860	3770	67224	140	182672
103040	196833	53511	40	44331
106148	197711	71691	56	68234
81840	140684	98329	45	59959
109678	255424	23157	4	5285
141594	176132	37987	30	43173
208481	238122	25204	64	84907
39000	203657	57536	101	130340
197025	116750	15192	1	1562
44506	205876	82286	160	201412
37128	117614	87869	22	30894
24966	55752	52319	11	16804
201663	180833	20154	30	43210
113434	120098	105161	90	113390
266661	104593	60554	170	213534
124148	301676	91684	58	79917
178275	70347	89058	137	170977
244685	187649	65400	109	140194
147094	290881	17473	7	10853
155832	88197	30703	61	81966
66177	243782	95505	87	109986
31240	245985	37272	25	35484
96952	186153	52410	33	48054
44149	81964	61738	3	5108
70669	222751	101318	122	164055
177398	251519	28444	54	72938
142086	70645	102936	174	235453
85904	296337	101729	85	117399
308576	86134	56527	196	236403
56633	114592	40472	10	14750
148293	172778	53096	7	11179
87518	251569	39728	7	11623
86511	129245	83412	85	109768
74820	145645	58872	11	17462
49369	161791	136803	109	144790
296822	293255	16904	10	15431
200622	53686	47065	42	57688
18039	232738	121942	38	53630
247314	28735	153717	43	56586
121244	283360	28025	10	15745
267007	230778	35874	46	61025
262757	10941	24916	20	29221
121004	148232	60607	18	27136
196305	308591	54633	168	215896
68216	48985	60900	12	17905
214421	44301	81139	140	176270
290157	302573	21747	45	51604
16994	13368	68044	113	140799
185827	194816	28239	59	77430
46063	117533	115582	143	181630
16809	139922	43915	6	9016
298553	212216	32027	87	109980
128763	279280	57034	8	13193
74684	249883	21714	74	96561
37195	93743	122848	195	250833
122443	134094	57668	7	10727
208036	61895	55139	98	123678
110514	140302	84833	9	12822
96513	47508	81498	170	204715
218243	242587	30137	114	142174
258034	310384	88072	47	62185
87124	53435	41389	7	11247
160167	160384	21266	8	13591
61814	17674	58425	13	19987
303498	311124	35135	40	54324
9489	138127	102805	131	176670
142756	180475	22717	7	10041
284358	89033	41654	87	112617
32597	31636	21821	115	141112
261353	225197	42206	12	20009
258257	52019	47314	6	9688
208013	150140	26452	46	59732
207956	160928	49457	14	20560
214854	165451	20434	39	53295
258923	144352	58209	40	55138
214058	177200	16970	10	15012
65525	229457	51361	25	36679
187435	195226	9322	5	6100
253571	216604	92737	135	164623
106505	231752	57775	20	29110
17077	181671	33126	32	44584
17111	79604	43902	46	59972
99587	85245	153222	216	291275
188585	55817	63653	112	142496
176643	101410	43937	41	55301
167074	278282	14632	6	8216
132094	31884	42576	16	24928
90960	32533	67463	109	142344
27084	292352	110362	53	68856
94935	122554	158546	236	293360
109226	128118	163781	218	289542
243928	118078	90084	111	142889
71214	217516	25587	42	53283
8067	302946	28911	10	13717
185161	108020	43734	102	130200
23898	104573	75594	161	200087
146909	192394	24655	30	44042
302511	198754	34262	28	40567
104678	297697	63033	45	58485
223790	177899	34651	56	75101
140074	251588	54699	20	28464
66436	180067	129461	57	78974
196206	299339	8049	13	16378
270433	112586	98125	218	274001
217839	65965	36040	76	99877
39483	261775	50669	10	13280
25436	249853	109331	36	51123
310966	253926	97209	160	197046
272634	186966	37673	8	11902
310622	205435	24547	94	127703
2849	189672	49695	78	100085
207994	197490	40011	123	168589
270579	42387	103497	159	204841
311123	246895	24840	26	29428
84912	34042	62713	59	76551
201122	151171	31119	79	100300
132254	302431	55465	92	123275
163655	256290	118049	151	185249
223243	77523	43238	86	108366
274317	125728	111482	205	255261
77930	132291	76263	8	13438
203163	114526	63690	117	151797
189230	173906	19015	33	47142
109712	264539	69844	107	134483
55574	77951	119166	90	110257
1725	14868	12287	11	16983
237749	132809	25576	10	14234
160169	208597	17369	9	12746
113654	14526	75665	15	22857
26654	60022	82112	116	151274
283445	57338	36601	21	31762
65912	18561	40035	21	32038
296559	120195	42533	190	246948
233452	281111	11963	6	8799
47138	236289	53775	26	37587
134494	17242	108202	151	195098
29251	264976	69706	109	137903
77273	228870	35547	29	40203
28188	296513	119923	18	24685
96919	50867	70517	48	64268
80778	175377	28402	10	14790
296330	203451	21506	54	69930
186299	12948	80181	130	165599
166385	86914	72072	90	114007
166016	14141	29161	9	13635
120479	190457	28840	4	7240
62254	288796	42278	43	56641
226266	154559	17553	7	10199
231762	108712	117427	170	217466
232333	129802	92064	148	185570
27598	48798	82502	9	13560
209122	113794	28469	32	44117
131322	139046	84908	30	42187
298773	216870	20008	60	84029
250895	109439	184597	239	307722
182028	69647	91848	119	146479
33979	305544	53340	25	33252
153168	8548	28528	18	28095
93442	116458	21242	3	3267
7640	152982	31434	25	33572
18754	112988	102628	95	123948
250483	107845	27947	13	19943
56277	2276	147738	146	185446
167007	217766	17051	14	19366
137422	290157	33384	18	26519
206153	159476	52666	87	114206
248910	206115	86239	37	50655
59992	45018	42076	164	214687
153912	185983	37312	45	60136
253516	130708	162396	205	250132
201577	126888	53679	103	133108
309257	67034	133295	208	283446
108245	243416	40776	13	18914
126738	245778	79324	9	16119
24083	26832	100063	54	65849
232872	190320	29852	41	57590
27813	148818	106396	77	100894
180843	280955	84240	137	181148
241749	208214	22128	29	43210
242528	1627	50368	84	111029
133764	158101	71636	98	104141
114992	246452	108823	118	151900
246261	250301	21877	25	37254
292948	160930	59552	86	112307
308738	187919	34079	113	140539
139845	178297	59883	44	52748
127866	28730	113247	200	243187
111303	213331	84676	91	119269
55140	231723	61778	36	43525
239962	33397	61066	40	55618
197586	205469	9303	31	42587
204531	212513	10762	4	6097
205286	101593	36134	146	186799
143149	243132	42164	51	67650
33290	87518	66517	16	22537
50785	82928	79015	96	121993
181218	164135	137221	206	281173
163157	1285	124064	120	155835
216065	151595	28126	43	58148
235534	149962	21656	34	48509
291631	243139	22903	28	39187
224655	271114	34351	81	107280
264850	26228	37967	19	24155
190343	224134	39161	94	118340
20449	223316	48493	26	36325
76920	129517	66249	25	35222
135613	134180	59840	113	130305
191519	166939	47441	15	21171
8442	281693	103936	167	226532
10253	286453	16851	24	32953
204976	43178	45889	177	237340
252720	58853	65698	125	163466
87370	210665	40770	91	115597
170554	270686	39820	21	31641
280525	218720	18186	2	4549
41144	201776	87491	137	181794
199311	30250	138656	240	310805
78273	291579	20732	25	35749
770	231729	132747	97	126476
121872	149149	42950	127	172920
273392	203121	35521	57	71785
154495	271567	60899	191	244588
274454	96601	32795	179	231119
41115	244656	102585	98	129226
233160	185159	30715	62	83292
79	193138	61284	73	93389
303954	247233	135697	223	306079
9648	156662	57603	96	125409
54640	218104	91558	64	85781
92980	102038	128605	108	136980
147254	78742	139732	226	297274
165225	141110	30451	21	30212
109788	79814	51666	20	30231
275967	91797	79918	122	156356
307248	288037	14502	14	18321
224569	53034	74274	121	123943
227993	289010	9649	27	28994
301011	39448	79930	110	127778
128918	115455	99060	277	278334
42816	194822	63476	139	150480
185218	257465	85684	135	156450
111597	122056	62865	13	16801
41121	66110	190668	260	298449
161057	111033	141723	25	38506
91507	99843	89642	116	129763
12303	34841	101614	198	200242
301126	61944	56434	173	154319
238176	209528	7753	6	6238
288434	134255	41245	66	66895
31565	83396	87548	151	152420
98839	203895	43185	86	100828
121033	291467	44576	51	49288
99737	5375	71441	214	262727
287393	137053	42053	92	112875
129109	129069	166075	233	295598
206469	112542	110398	214	278679
191070	145449	36544	66	85605
209795	200854	14893	25	32645
277172	72353	135061	44	61983
26085	74190	72553	221	257146
55483	295267	58958	18	26551
280478	206872	35526	30	41439
167995	104673	73071	299	211024
113896	226774	24946	27	28365
275776	32139	83938	252	262540
106553	233786	54602	12	12007
170152	32552	78693	45	56915
68120	90460	146948	270	301369
83620	84920	153355	170	189131
246592	295585	8551	2	3248
229326	51293	98930	173	180720
90049	161238	153539	317	292725
272480	266273	52553	18	20807
33989	115954	53758	22	18331
119798	270033	63087	103	90862
274297	74646	157509	389	291672
44547	84232	167502	277	284570
154741	178564	23866	36	39120
98458	190654	63485	102	113266
93459	118447	121949	218	189349
89688	102560	48706	217	248926
36145	93396	118676	140	150670
294097	11782	10357	11	13170
185022	8414	30747	51	59116
56873	38900	77494	4	6842
291146	94040	52128	161	200290
158179	53468	68835	192	238234
4915	201170	104991	115	138348
183003	174140	6942	1	2064
98357	53495	94069	176	197084
81675	44147	120742	224	289723
263225	24386	50787	58	71902
245583	285180	19513	12	16806
94376	280740	94962	152	172190
16652	181625	11829	4	6564
195418	64411	34461	130	116975
309296	12317	52658	24	27155
17164	123377	63873	56	63459
141226	25166	25737	5	6311
176052	277265	203752	330	309748
89663	215346	19288	13	16417
7455	144177	59273	103	114053
260926	188019	59049	73	91109
122632	77310	57353	106	123916
213422	252308	12539	147	179056
158018	156540	14374	2	2857
268784	109058	53672	145	174841
132210	71352	103871	181	203345
199729	226979	20223	28	30935
210163	158381	31404	34	41276
6725	11673	22648	23	22938
80081	302486	76849	129	168799
221015	102929	52088	107	117506
228115	303339	15056	16	20376
5218	215901	180404	48	65753
80207	54899	80170	163	192725
153660	250442	58317	101	122520
114123	105956	36340	33	44527
88295	76534	60100	208	243105
96861	197594	69973	95	100204
77973	271995	151003	221	263611
217509	11956	32088	54	60778
251097	85968	87848	216	247945
246042	96190	24424	172	198333
95422	35940	80683	28	35766
186196	164547	122251	223	269838
148814	58671	53928	22	30098
60339	2823	86297	90	105647
225373	83084	52421	217	255708
51194	36796	172701	214	250465
116906	67726	120177	255	298034
113985	135982	240977	260	309815
83006	128271	45921	63	76849
163148	193725	41039	49	62135
225603	200558	25208	70	85984
177461	39534	77005	139	162558
56635	110086	197422	233	290552
41872	235926	46713	38	44887
210609	263118	29402	25	35654
4792	253634	101905	241	278055
311868	162499	59236	109	132619
274583	259929	83165	116	142926
26082	2549	108081	183	220710
104592	250616	63669	50	59065
199664	128012	49945	95	115071
271372	104795	122062	185	218379
303480	48092	69651	181	203183
122994	17462	84684	36	48885
228539	218186	31185	115	142810
284795	286864	7964	11	15247
74430	216296	126282	63	79498
188821	231020	19860	13	18692
57906	64725	34554	6	6931
267554	271811	76472	131	142962
261231	242705	31461	6	10464
98400	271149	26682	3	4928
253688	296710	72791	61	71875
97230	120639	43950	53	59707
209507	121756	31138	31	40160
238581	162082	51085	95	108826
95258	199455	50113	42	55410
254464	60020	156155	188	223089
118607	305979	32960	34	42549
92117	130758	70122	9	8468
92292	241464	79370	67	76002
150071	35123	67348	118	141565
281534	38508	152777	202	236393
307238	129805	84378	129	150430
160892	128820	199955	241	296412
304896	235384	8369	5	7081
100715	280649	104218	174	204822
64151	24419	65743	82	96786
204167	280526	56781	117	137639
148623	273157	21011	6	9908
138191	145031	53459	60	72754
39443	232283	67744	37	48825
156031	53261	122601	245	283742
133936	82197	43029	31	44564
252010	218165	33204	102	124008
23981	78806	67045	178	218687
154052	189819	18570	4	6383
252078	87181	70743	196	188377
257911	217677	84391	99	93460
20391	80063	116975	245	232981
247136	36184	99279	136	147074
18620	216297	55074	120	150890
126526	292573	23434	68	78384
231478	277047	38079	39	48122
200305	173939	14565	19	21636
182435	59109	53552	99	125416
246781	146092	28944	27	35354
145089	71135	41650	86	104065
170535	121171	39388	11	17088
88489	239263	47582	74	95979
37073	142543	73577	137	173617
171141	82769	73025	117	145873
44557	253349	110288	239	261180
17958	167690	76720	94	114756
270460	8622	25422	29	42951
209901	256708	7190	6	9111
252108	208813	19535	97	97769
156901	121951	13140	2	2372
296506	73806	139385	212	280458
285410	89245	81698	128	165716
207168	54069	75220	162	182079
213454	140437	49821	19	23331
167786	245792	21492	7	12196
202214	242244	18168	32	42225
67369	188919	93237	126	158659
17781	218410	99077	137	171594
63502	271690	78918	128	135178
20137	147396	132035	142	165172
60033	267905	47987	58	72162
113831	234545	21145	17	20970
185538	39567	58615	70	79318
215090	43331	58307	115	126225
288679	51991	48959	69	81510
82011	20933	155792	227	282253
224063	151536	15903	9	13617
199488	10273	15194	17	22770
291024	300417	79424	238	284143
197289	275408	28234	27	33346
9008	250908	18953	24	34583
242099	209219	18742	47	63230
243625	48656	67179	136	157740
134528	130937	10650	1	871
263308	131729	98387	164	205118
117030	25684	70480	85	108776
275531	137181	46056	28	41122
93210	123783	77207	39	56126
203412	99215	58399	161	199810
51475	175774	59451	23	34218
60715	110953	60503	14	22657
253326	241096	73168	49	69213
219041	100028	89345	192	229902
280609	151448	54443	54	71028
203884	200597	14531	15	22833
67060	73278	82832	11	16324
58148	123767	70415	29	36864
206075	69718	90077	127	165443
32871	283402	81283	54	71032
160789	233506	32028	38	53777
293454	259203	53287	69	86636
309090	94800	32149	54	68938
188455	235865	15666	19	24220
11727	243062	15559	26	30185
124212	274887	90377	24	30953
261308	261401	54552	74	83760
105654	168421	53925	117	130902
140554	23977	31359	6	8400
279298	224511	45752	35	48959
67332	131633	52288	7	11522
307421	248655	83743	99	106155
6854	172182	39243	11	15091
275946	239231	26266	34	47965
242425	121790	29275	26	37966
127081	30995	41492	44	56835
65340	1140	24015	5	7376
71562	147584	158249	283	299350
128618	222914	112967	107	140664
178985	211303	7966	14	22349
268377	50671	131718	248	276772
292436	254759	76687	250	244143
55421	153104	47225	13	13568
55091	274931	82513	135	147345
109834	301242	81669	202	220307
251382	70126	77468	58	78599
103313	107504	36884	23	30981
299915	303471	10962	6	9186
87852	48354	59448	15	23731
20874	232037	70093	34	42017
169392	112609	122627	51	74429
262116	97014	62083	159	201257
37603	245890	47032	10	15814
189736	252161	17120	4	5566
62091	267787	80929	46	64101
103118	1755	40680	72	80839
207783	24150	26907	22	28113
105329	297921	55828	65	88356
136815	52996	103760	176	236008
304568	187428	19257	21	30096
81486	58689	100781	227	280511
163288	104628	83420	221	221038
292172	103634	60439	224	218879
244360	283599	41416	25	30134
158946	122806	70929	84	104454
294595	311605	7505	6	9578
300813	249468	63627	130	150788
306403	25952	34905	34	33393
81528	72146	35848	19	22564
33133	186293	112699	100	115829
238701	219140	47565	85	91283
178237	38955	87506	134	158659
227008	290425	10380	15	21615
196322	160536	161387	260	288312
84598	79924	45957	14	9908
292701	173658	14389	19	17928
264091	170690	53089	117	130029
86195	168830	34247	6	7438
177811	113525	67630	236	276322
76718	70633	147996	150	186813
166366	107174	75951	151	181124
198749	129615	51735	93	108004
219002	242691	49233	52	46585
255759	91671	126004	243	264353
148389	66603	175863	188	226638
264838	125872	56457	177	214484
173394	92387	66689	86	111944
228188	132272	53247	103	119954
227254	244147	59559	105	115822
123852	143571	17523	19	25946
111918	62887	95695	45	59896
81639	204149	45304	129	146429
74012	210892	63516	51	68040
300296	241062	8555	11	14937
153574	19796	55628	33	47471
249197	22827	83812	128	130810
196910	204054	20870	10	15070
160510	2229	19895	8	11820
164856	230655	26726	43	51632
50498	284364	55160	54	51088
56702	29700	66074	13	14695
283288	137597	50134	71	91681
250757	138876	207268	239	296728
165743	27975	37756	17	17160
263039	123848	54565	64	79856
293704	32041	73330	220	267018
158606	181724	76261	44	55482
263231	166460	41293	50	64482
134075	242666	47317	75	95447
192791	164253	134981	251	283933
12173	220927	36289	8	11778
198786	219065	32946	30	42174
171024	137054	51514	20	26140
155871	114291	62681	213	265243
37605	235276	48767	13	19157
88346	193744	60762	105	132521
140160	44872	50903	9	15763
294912	260920	66659	89	101945
178775	284675	20857	41	51561
234242	26769	123245	234	296257
221895	97080	50311	162	197530
20579	224234	33153	23	32148
184222	83647	151949	204	262100
10369	173703	17788	14	19849
842	6677	78668	60	82566
190665	163631	56924	194	250609
68233	272118	105254	125	153393
167016	213571	6878	4	5014
3416	234117	21643	19	25910
131062	86397	135627	222	279811
291183	26934	107869	111	141242
125494	147924	71835	42	52459
234662	100669	66033	167	209528
253081	222109	140626	76	96381
223569	163174	21016	4	6141
171379	191510	26825	9	13367
221499	277045	112071	14	21634
290336	31288	206202	220	285955
218697	266194	147552	220	283539
295870	302827	33690	107	140163
40171	170504	101414	130	164611
8044	225367	47963	53	69366
53083	310705	58223	37	50212
98419	196479	39121	49	60710
294390	68912	86284	105	130555
312230	306309	16828	68	89031
251499	309965	11569	5	7818
145798	96705	27553	177	208112
41514	8508	41464	5	6011
114112	136988	27224	92	114684
2867	145959	15861	3	5443
72682	117039	23288	4	5380
234892	184526	16852	16	21309
245774	101033	86287	147	186318
52765	20229	189741	189	231920
40010	199495	66752	112	141463
1321	304671	28013	12	18707
269184	31949	77408	108	135698
48271	151088	58097	68	85734
99797	92628	50940	40	55662
230749	2036	54647	63	81036
83565	243881	136295	85	109670
249165	34563	58254	10	15032
33050	22396	82657	15	24124
48642	217536	86611	110	137055
138865	119091	112299	8	11824
67343	111733	142877	194	218627
172897	307914	54274	71	92509
196761	79296	24941	45	57071
260345	250154	27127	6	6449
22285	297001	154255	42	57842
165182	184169	18712	14	20339
21426	45248	72402	198	250023
91467	283171	51769	15	21848
296291	87227	158543	244	305828
63472	91763	108428	178	209654
50853	261424	70444	10	15369
203941	52322	70021	132	159647
56787	125865	60416	28	36439
35823	309287	58059	98	126642
43169	20232	91168	132	160185
223916	253820	99907	188	234412
