Node1 	Node2 	Distance	 Time	 Settled
141702	293233	30739	49	35284
112584	66356	113310	23	30944
148330	125187	90052	81	93186
30675	174335	46862	1347	65426
71929	188450	14095	9	11941
28008	185734	50026	53	49091
69923	14336	51738	19	17754
143223	280783	35832	26	27713
233116	62947	23929	10	13752
159701	26242	35496	10	14307
27113	153912	71028	15	20520
87020	293200	27437	56	47097
36566	257950	68640	28	36403
226919	112564	98445	66	75938
266644	127479	77044	33	40822
50923	33894	23492	1	1462
44314	29242	98494	131	98879
411	104126	116501	113	111072
221817	119685	44168	72	72239
108382	162828	54671	90	93547
302491	46046	37046	39	46261
112773	297673	43649	9	13038
13089	9728	52505	60	65240
145369	224639	14621	4	6678
168001	86555	17795	6	8435
24385	52291	36148	13	17304
5946	72917	29558	37	43257
124642	274416	9116	5	6635
301476	131234	69929	62	70410
126488	45570	92557	83	97873
155939	5031	43117	31	37749
140079	176334	64188	94	96143
311186	135082	43834	67	69198
230460	266826	10998	10	12950
57534	66163	131242	84	86742
283886	107457	29665	50	52876
82839	1604	49729	21	27117
221160	174269	26222	34	40754
223093	16077	25204	28	32915
60921	294999	83196	31	40546
281998	120643	32705	17	20092
24142	212174	19635	14	9615
50871	57944	66126	19	24435
112106	83410	46820	35	41453
77789	129432	44599	64	73916
240314	254757	59422	52	60959
74759	220340	72304	112	102987
50283	3098	63341	73	76136
165837	113694	32486	39	45952
58401	222883	34449	19	22931
251760	197832	22447	30	36049
9996	8337	52187	75	79242
205648	71964	86171	27	34263
215154	17076	22024	27	30642
92431	261029	73122	46	50020
223869	240294	19415	15	19169
306720	184577	24380	45	50090
94391	298343	52427	54	54506
232904	92245	58671	70	75788
180960	160425	19759	31	35334
233865	181880	14841	18	24437
66043	192772	21124	9	10433
37355	220733	63338	34	41520
287704	128112	81833	31	41274
144519	165931	15234	12	14659
302897	225006	22000	31	35712
64929	14377	74731	3	6648
260570	259164	39656	33	42018
110453	305238	105628	49	54541
8852	97271	19875	9	10650
18131	175413	62968	47	53346
280745	171313	16658	4	4860
312234	183029	11240	12	13283
95084	232359	41787	47	42703
188546	204495	14361	8	12115
136255	27180	78533	14	20456
109027	190891	29673	25	29362
262716	13043	48816	32	38151
145753	186762	20101	25	29954
84473	226005	49777	47	48656
226171	294603	5319	3	2951
72096	232845	42060	54	58041
269153	266225	133779	62	72284
15704	206715	18388	17	19224
167109	112534	82580	16	23324
297021	158486	64318	33	40715
75385	246318	68549	39	46308
188521	31228	27877	19	24233
199019	87599	27110	50	51404
279595	159334	44999	13	20084
90301	41820	85751	24	30184
43396	44941	14247	1	954
249435	137510	53412	81	82756
234652	282920	16602	16	21048
144830	10183	17530	6	7214
147136	265250	14572	13	15996
124873	179845	25153	37	46361
7114	286458	27487	38	35920
90893	133941	90631	42	48426
300319	311211	17371	18	18662
70687	174283	66148	54	60189
9656	77035	58091	50	55926
263014	163731	8216	1	1059
227071	168738	22066	28	31630
129948	214586	36211	58	63836
250051	169950	30635	50	52082
20983	213214	39589	35	30352
188557	235539	21263	28	34382
187720	52281	62343	69	76190
260468	244610	35737	53	38321
15070	131817	75598	58	67757
57163	278603	69606	76	80509
51780	247341	96929	14	20781
47484	136257	32829	7	9014
89037	94159	31996	39	45681
115804	55948	84408	113	113676
270600	89521	83016	57	65679
204439	28403	72625	73	82842
11318	17703	64073	75	79477
138138	174136	30876	17	23884
273062	85371	48776	61	66208
146932	216393	30552	51	51559
137621	19947	83606	54	40232
198779	115033	36000	59	65966
100007	48599	41696	12	17000
84070	293454	21008	28	29488
57447	142703	69477	58	50964
48906	77533	70248	80	85845
120191	281320	25021	15	18850
62408	60802	115847	80	91614
237411	74217	56995	52	58914
204989	84116	16059	7	10708
160274	191826	10439	7	9965
35748	202205	49990	81	85679
167418	300080	24989	44	46967
239525	104119	30057	19	24399
291356	36223	55622	53	60439
240348	78249	31092	48	50124
214776	17394	30883	55	60484
136491	75124	32440	5	6819
34612	205321	52159	67	69822
138560	66715	74637	38	46714
67057	161585	71974	22	25784
182140	271542	61269	90	76775
113317	232528	17220	8	11057
78776	244123	105614	14	19615
311660	188571	25587	45	48724
116642	20952	66308	6	9342
140913	113180	86975	91	79168
91749	159681	56363	47	50510
55640	213753	41299	56	59405
162061	242420	35903	49	52054
54695	95535	59729	58	62347
155329	57577	30283	6	8610
122636	76794	54490	26	33132
286826	207654	11240	11	14753
18921	249414	76524	46	51810
92348	32463	59116	12	16144
110524	169476	86611	18	24580
245925	90808	53420	59	65527
119676	293115	71664	58	63875
284263	98953	20019	30	34476
145932	263176	39509	53	58211
226986	205205	15969	24	26345
259882	113025	36413	13	16796
175535	53158	36605	40	47584
173217	173424	21725	33	38550
1301	239415	56623	62	68474
224997	75528	82695	54	59973
37259	11897	55363	47	49590
297117	302999	10272	4	5298
161532	180432	22808	8	11754
102286	161614	88782	71	72958
124674	203968	20605	28	31720
247498	70483	84034	57	64498
92208	278254	22804	16	13784
88801	151077	16183	15	18703
158082	3579	39416	53	59279
124895	41637	35805	10	14936
89140	83600	67946	7	10029
199494	170650	36005	40	46668
294311	3534	22673	53	43463
257641	311068	117043	115	117826
64750	175072	63104	88	95509
242016	24680	103666	76	66028
171639	194988	41087	64	65356
95970	6972	44374	54	59321
53563	143584	92104	58	64071
102372	120585	66458	75	82189
37327	296244	63521	62	58708
245038	8509	60115	75	80896
18184	42023	34869	10	11547
264421	102325	16795	11	13925
3438	176405	15027	13	14417
126934	43215	45422	58	62546
218011	15859	3522	1	234
302360	227569	33416	55	53744
110931	264752	51859	51	55454
189097	2549	82541	60	65822
248632	231999	71875	62	72245
128878	301401	79635	43	48812
30238	151421	135948	60	64832
154573	2081	69182	49	56226
250004	35151	39065	15	19942
42464	13534	66906	6	8775
237754	267375	59467	49	51660
184520	274581	11746	11	13313
124220	167815	71252	22	30190
49447	139936	95445	19	24913
35381	34436	84806	48	52257
276217	55363	41416	28	34750
108301	262230	42079	63	68200
26527	63967	67105	86	96437
214133	202592	13802	10	13307
110858	308474	38555	32	37172
143845	58273	30883	14	17327
153895	299866	15441	2	3695
10454	68166	76187	77	88662
284204	12330	33517	28	35366
216055	44913	44765	59	65476
240036	192558	26725	40	46200
290336	286133	2896	0	786
31643	223294	139179	60	63440
38491	604	76985	70	78527
136992	6221	41190	56	59646
158290	150287	33712	31	35797
292741	284227	5644	4	4130
8749	251110	128243	38	46805
156267	82217	32093	45	49427
196383	160360	9471	3	3565
96142	181323	21137	23	28049
291053	256878	45582	40	46650
28567	172710	63765	20	24946
188055	76503	9651	3	5288
36234	305481	47241	32	35755
217422	106048	64564	59	66382
180972	117039	20027	19	23828
151795	263631	12581	17	21222
57260	90259	44278	7	11695
258619	127110	31386	23	26002
36380	172389	59935	26	32187
187279	45761	19197	5	7937
208440	259887	66423	60	70555
257508	57825	56656	17	22763
70154	196499	111326	23	27098
115077	217849	38942	67	73292
187918	111394	27933	11	14420
216454	287691	21162	24	28131
15919	277675	64242	65	71103
161075	9705	101900	60	67141
163977	15474	42831	73	71690
32400	238654	22978	10	12405
83158	130011	13575	2	2060
173181	78804	126511	26	36287
239006	55070	54740	58	65592
221611	272605	20670	23	27345
309933	311037	4006	1	1333
21700	135187	53947	52	59373
165283	53517	70347	34	42438
116260	189626	32287	14	18092
250434	233753	11931	7	9263
169065	21584	60367	85	94212
207317	252488	9371	7	9421
37482	149600	55280	71	66266
254407	105999	123829	103	101967
262971	73241	32371	21	27320
272833	57534	58875	51	54699
164797	239393	103236	70	77343
205338	217519	11486	9	10282
12255	55744	52035	7	10654
218566	294887	28477	19	22930
9150	298057	14512	24	24941
119743	102239	28836	7	10249
1394	192020	79028	110	95804
184958	291902	12001	13	16500
79049	17305	17862	12	13709
306601	256159	48753	27	35710
300501	67846	58320	40	49227
218764	151631	28754	39	29127
53258	85598	142570	55	64123
87456	41242	52819	11	15681
80375	88556	57805	81	88323
219903	162987	48087	77	78755
303237	220112	30771	30	36112
56204	189749	73041	109	100228
287208	101318	22912	32	36731
8979	12630	83988	56	64595
213846	187012	12269	9	11320
36795	154970	78168	57	65049
134142	161378	67553	3	5186
198966	207804	6974	4	5156
202263	40404	66619	61	66938
204422	71223	25795	33	34358
198886	274254	24824	18	21947
124658	285965	147737	45	51610
225670	153149	16957	24	28863
186230	40168	52215	53	59248
92600	15118	44381	27	33216
145248	151993	38914	70	70686
302223	236053	37577	42	47091
50872	243197	50428	24	28157
289384	55769	38074	30	36748
82329	7559	31979	18	24179
230423	228747	6726	3	3997
82673	104207	31547	13	18404
53170	165981	51846	88	75463
288016	29819	48548	54	61347
40745	65281	144528	84	98192
287458	142226	20710	24	30306
239375	4126	9962	6	6971
220848	131445	44429	23	26587
301548	247221	101606	55	64940
307888	284412	2832	1	819
143065	66000	43733	51	55998
269483	240684	34735	33	36652
286436	224022	19389	16	22143
184560	130711	69879	63	72913
156644	110545	127955	46	53172
186845	311954	19188	31	36208
15062	102727	21589	20	25103
147836	256467	32140	1	523
192617	276318	17055	12	16655
84459	84053	62436	66	73960
213568	279724	36494	22	27832
136665	52660	122495	61	44590
97803	299596	25508	33	38936
265231	62086	45157	35	44887
135069	292657	33517	43	48341
234066	6374	37963	53	53544
18036	222123	63440	68	72493
25108	281780	57303	18	24901
227930	196624	6488	3	3790
211087	116755	34449	49	54165
200329	17709	55486	80	65925
269875	275577	32263	57	49918
275197	273906	17775	25	30707
167411	29543	77987	78	83418
254439	245438	104989	111	94054
258128	97336	82424	65	68850
277016	269318	28677	6	9718
39796	7408	79496	86	87859
245952	306067	51419	71	52926
286642	24228	13731	6	8773
26556	192631	30886	11	14307
250603	151715	9129	9	9850
212979	127795	31126	57	53282
229708	223303	15676	11	15047
50759	273795	124712	79	92467
119623	236470	32509	38	45406
242575	8492	43154	64	66235
287818	126303	21357	28	35707
35254	183038	47022	66	64648
100106	89957	107963	117	100372
65292	116358	147553	120	112472
121872	126941	3387	1	270
23931	153617	37618	62	61571
55009	274897	64084	81	73248
189250	37851	39140	23	27080
58904	158996	72011	87	94607
92259	175887	62176	78	85890
44842	243956	34748	25	30310
126491	18543	25001	11	15031
73477	125468	49719	40	47037
231227	201946	11505	11	12505
247685	159694	60587	33	40230
87620	260191	39073	27	33471
250584	207616	14028	19	23792
206650	223905	28817	39	47541
51649	267410	93350	78	85333
140728	6329	23102	3	4560
131646	132854	9128	1	802
202738	208624	7501	3	4990
280083	83632	100222	55	52497
54609	157328	94849	24	31302
8336	156782	73373	84	95340
120434	275353	39826	58	54896
110111	249416	65066	18	11445
26973	1354	109184	92	96815
266591	303831	13139	14	16479
108899	103553	1853	0	74
199754	95280	28184	10	14562
235653	54352	34810	26	31824
9910	133272	24810	18	24460
160834	53929	55744	23	31801
46536	160766	77667	32	40316
119944	291057	32402	29	33871
33633	242247	37397	23	27287
114518	187659	39747	50	53344
272070	151122	24988	30	34009
244740	200860	34403	24	26842
311001	247568	12294	8	10067
92041	56264	153316	112	120203
86204	82856	82669	82	89374
59895	137763	67854	57	67803
135727	10640	33958	36	42133
203730	17792	67320	62	67033
216036	36521	40452	62	66748
222923	163026	31365	58	62100
296657	74650	77715	36	42678
71632	141641	48378	49	52066
259419	120615	14348	2	2248
103239	191798	23385	25	29466
117494	272938	67588	62	54660
94501	249292	74866	106	104036
305525	62093	53550	76	69942
72460	297432	42754	58	61088
24732	138267	18554	4	4530
101405	43578	30569	8	10978
228969	210466	139302	69	77175
142014	197880	31969	20	24945
192141	311277	136519	67	71424
65774	201705	135277	67	75728
183134	204436	12889	12	13435
12786	235554	91115	64	72942
301056	160295	18616	25	32063
11592	117433	68890	58	68689
264586	5935	22103	6	9031
92214	115349	35558	28	33544
140031	195033	86205	67	75264
6439	262372	32418	36	40970
130996	141508	51823	75	81220
3626	90159	20463	31	30967
265392	138723	35997	32	36435
156489	203529	43413	68	70608
50854	45601	105332	53	62362
168955	70737	54051	23	31107
196843	260830	58406	74	59842
202893	142260	34553	63	68863
69375	138992	59541	15	23127
24703	49148	74039	5	7352
252898	62153	44864	11	17288
49473	281022	89311	46	50765
157551	191420	48272	48	42055
74334	293376	123254	55	61694
105573	233029	16041	13	18046
125362	170819	41198	40	46318
47517	283158	50820	39	43266
303859	213466	17573	17	21324
153707	229205	22252	41	35164
81223	118948	38346	5	7436
93317	181118	49763	35	44224
20666	307208	34151	55	60483
126640	167062	72259	19	25860
245906	53762	49936	36	44622
271403	243104	46749	36	39702
156375	47230	62465	19	24837
304204	129867	22485	18	24109
230751	307446	27271	52	55686
219316	194111	40224	67	63829
78835	203177	49089	8	12095
209410	112160	67335	13	18503
225175	54045	50237	33	43312
22654	146812	5759	1	1767
175911	268283	150505	72	87461
242178	150078	10373	10	13087
242769	52593	54442	65	59881
7784	222506	39872	38	45383
112430	40958	46561	1	1992
310855	259809	52684	36	46237
99892	218228	38532	62	68449
184548	255266	27446	39	26812
47213	52643	49215	1	1146
149548	244619	26882	11	15020
191653	95250	30748	12	16553
100250	67626	87982	118	111504
205511	211800	18232	24	28793
266873	243712	22960	42	35174
29197	219445	52721	18	22784
81338	207043	15232	11	12292
277083	81057	117104	21	27131
100450	262890	6870	1	1494
160978	302816	63376	97	97377
264905	199863	24921	59	48685
87725	125125	12364	4	5916
141322	240436	36403	54	58429
40140	172207	83799	89	84295
294724	167187	6838	2	3232
103672	166535	37368	56	58304
280444	119120	57448	82	83662
63763	51332	33735	5	6753
67911	10308	86803	104	103166
51854	141057	66996	80	87244
73846	270957	58391	16	21882
148708	26922	80699	32	40812
271098	179235	27393	55	54204
302605	84293	35615	61	65002
17565	113069	37484	14	17167
250888	307436	22679	35	42702
206065	186957	10983	10	12776
9897	260012	21533	35	37767
31197	46175	51710	13	18426
264507	57182	58224	79	85710
21542	96270	102395	112	110883
297168	131754	30073	6	9876
245363	114236	43443	74	73775
232239	178974	24129	49	52716
75591	126102	78827	31	38013
292394	9189	46320	34	39960
63258	133796	57821	30	38155
20373	175705	56382	70	75381
231096	33035	51059	29	37700
309876	294596	10021	9	12087
181734	123483	32825	63	65733
197724	49677	42440	17	23378
114221	161441	52027	4	6027
302997	173788	19169	33	40374
4368	173228	77126	32	39856
279319	261127	65957	74	81395
51109	91766	83026	74	60296
206354	97842	13098	8	10510
164364	135750	54865	68	73399
51679	13342	68277	62	66580
112563	307729	105506	48	50523
45846	127144	37188	16	20492
182266	165569	12352	12	16909
160246	140825	23103	25	29917
188385	240680	11042	8	10935
112925	22783	153743	24	28000
289329	298553	16428	19	22087
229185	196780	11655	9	12594
216746	155946	34524	40	47900
64899	94392	10227	0	695
3621	217658	6672	1	1685
210964	70578	66604	18	23681
170157	242603	36449	38	42065
281611	256067	107632	67	77128
121796	113029	6569	14	1015
286280	291893	10683	11	14458
281487	285655	68441	43	47528
118445	203024	22322	17	18469
57868	249335	46214	59	59783
209911	41421	26504	16	20702
262298	144199	11446	7	10848
262831	107712	60530	64	66988
172312	307813	37822	44	47945
202894	88952	16520	7	10444
269573	22932	71426	60	67216
289122	235780	3001	0	1042
267227	229853	131384	64	67683
167171	196016	24701	38	43678
235413	2927	44303	59	65249
190209	145941	33215	49	52286
289444	66592	81345	43	48872
213638	56927	110338	70	56300
52723	94930	136079	67	75397
159974	217780	30771	16	21280
144625	266089	8469	6	6832
263761	43522	31045	21	26697
302981	46247	46165	19	25476
86276	154169	33478	4	5717
69137	217330	23605	4	6575
126804	277890	27803	24	27015
135266	162516	1065	1	18
308568	279659	29942	16	21009
158811	18951	102973	25	29237
97470	102205	6991	1	1440
68903	251950	69510	57	64611
254113	294552	62637	61	66122
210204	56990	100124	53	66005
217594	123836	44458	75	77913
303026	57736	60636	61	64731
42924	295666	27478	40	25532
52780	171113	29712	6	8317
108246	57644	68142	85	94241
248988	243260	66578	52	57110
229868	122813	12812	6	8560
115295	179746	33297	62	65875
191097	266715	26114	49	50621
299123	234886	9671	9	12092
54070	77204	72606	103	101584
165158	163774	32563	28	34506
237108	83330	25429	37	45702
177039	311063	20125	32	38237
182489	233674	22906	39	45078
302904	243821	7082	5	6671
218325	178280	21303	17	22199
140977	123074	90319	59	68505
96276	231742	85688	46	53689
301415	95996	43002	25	33200
17249	94424	11032	1	1280
28897	54006	64887	12	17158
157604	197391	22928	20	23857
92258	209095	53350	42	45396
60095	262184	86025	31	40035
25100	185256	17701	12	14555
230117	35595	51351	37	46764
219609	220850	38506	68	52497
179913	91496	68738	76	87473
247918	145411	47890	32	36226
95828	87405	34747	13	17196
306735	26001	40262	40	48966
274937	252308	6218	2	2306
62999	145259	30964	14	17027
216468	192500	22641	25	29682
107214	257168	31516	4	5727
164158	29280	113305	84	93853
44515	9491	37589	6	8592
264	91897	81151	82	90980
151432	53595	84414	80	69822
260047	33232	60554	47	55778
126453	98335	21535	13	15319
151134	61845	26862	21	28559
168970	75083	84315	51	57249
119384	79504	64554	62	70563
62848	246316	35153	42	45290
268797	39432	60269	50	56955
229547	111802	34992	27	33407
212852	228701	27086	50	51984
5168	235341	34149	43	43987
121944	27536	56970	24	30960
252781	310904	12705	5	7696
266219	213023	121179	74	76294
8137	304107	45809	66	71437
171729	306056	25970	26	30722
146579	251487	23674	27	32586
261511	150804	30700	34	38115
135730	243033	29294	25	29289
6022	128406	57873	34	40596
11504	297902	11408	11	12914
265244	123619	80774	36	45822
144440	127900	17960	7	9494
60762	116640	98268	48	52356
295634	103937	23311	29	34177
191542	58870	72558	115	109657
13961	227623	48563	57	61938
297141	12519	77138	52	59024
254505	4904	76141	89	94018
66882	187974	80108	55	60680
155163	125627	37154	63	66063
4191	84254	115144	72	82857
56386	290442	59430	51	52780
45055	256035	40360	5	8161
232159	203265	15580	21	24642
22171	218564	30058	16	22376
233139	141349	41361	67	71412
176558	2510	21507	25	25161
233597	275858	15497	22	27394
149698	298755	16658	12	14820
146064	175701	29105	53	56035
122806	6150	66447	75	65460
310184	231667	27292	39	44281
8906	69361	76700	75	80991
193406	139764	66496	86	94819
199667	255534	53136	33	40335
223168	7410	34644	29	34426
246374	198509	92187	80	89228
256281	263335	65733	44	48401
264656	40976	21262	4	4368
301818	126418	17422	23	25322
289490	234708	4719	2	2873
24251	228568	27537	32	37194
308067	199980	22259	27	33950
117329	285783	35836	58	60797
255089	97378	82435	32	39936
111063	25774	47142	16	20061
126491	291909	18190	26	31006
84810	142930	17764	6	7433
222154	112445	125534	28	35933
180769	5177	28557	18	24189
270917	93951	46627	63	66338
48085	281715	119017	91	98251
158198	102064	27229	40	27603
85382	83867	61579	66	70219
123422	121285	24803	4	5995
306795	289383	7215	4	4432
123161	291687	21037	23	29040
72891	110277	92568	61	68544
77785	258143	88032	98	90110
293448	299905	20526	21	25297
260793	202762	62639	70	71342
182044	241365	18359	29	33261
193388	208155	8490	7	8241
201016	117508	85495	103	104885
95181	65533	8252	1	300
47605	237043	44889	26	29439
177143	26942	98473	85	97569
5037	171127	43861	22	21105
290935	266843	9365	4	5908
135369	43331	70267	68	79499
78582	226678	24427	31	36634
143336	257148	31452	15	18333
230410	299797	18262	32	37606
68441	58184	128032	117	119752
272566	52632	143610	80	92505
267552	179315	25555	11	15452
18519	40522	45866	19	23796
189739	69096	51093	39	47335
229753	27550	91513	66	66242
41728	186335	57054	62	66514
52904	136748	48108	24	28974
77971	191983	88130	28	36777
309320	64862	52025	63	71580
31215	258611	14903	2	2119
252837	138631	28961	11	15386
184776	106172	23154	34	28297
86892	159277	33747	7	9562
107559	89492	94806	111	112323
117297	163841	17207	3	4357
267324	293160	52922	47	49719
64901	73113	14750	2	3424
9694	176173	13902	17	20181
131576	60141	58150	7	9904
180559	30949	44551	49	54674
298555	77781	17171	15	18925
136310	63141	17596	4	4940
123101	263015	82615	27	34341
286304	187849	14645	22	25785
285014	118713	28658	26	33071
7176	229733	35434	76	64121
270379	131548	36895	14	19330
194840	154475	25641	37	45199
199506	150579	9866	12	13441
243820	144244	9888	5	7433
38793	84149	83871	68	79400
246821	40754	29247	23	28881
301483	53928	84857	54	61767
259335	185648	43175	60	57361
251886	277020	37320	42	48484
85152	65896	139712	69	71090
197821	183799	12057	10	12726
252468	71986	53701	73	81045
195080	53283	104649	61	62797
224192	246803	12427	7	9741
37192	268157	50180	49	53854
150163	3721	18051	24	27219
20850	147874	33808	12	7020
248308	76473	26309	46	49472
274735	140086	65637	80	82372
252477	66557	76536	36	43798
13309	47437	93844	21	27824
33536	27932	110966	93	87547
295163	265849	5466	4	3277
309233	121882	26359	22	24801
43377	181199	50795	62	68015
234027	207173	15339	23	27853
118183	273674	93186	31	40905
299549	32665	73097	67	76385
144213	171344	22307	12	15293
248333	187119	24706	45	49983
102521	149646	29387	68	57477
39573	211331	67511	80	78153
135755	65837	62135	65	70073
144110	279484	53347	58	65420
10975	63036	29317	29	34412
241628	751	51200	53	56350
26509	145047	41478	55	55199
281898	146959	18004	12	15813
211587	88909	26666	15	22228
137622	246448	86543	28	37702
146555	224228	9055	2	1908
69796	128568	101611	20	27028
87618	194787	24045	29	36391
165570	231940	21176	30	35044
290653	91653	30564	24	30160
151973	234990	28897	39	46784
217770	212512	6408	2	2936
174401	122225	36306	44	50034
192614	31799	46312	59	63082
230121	166837	12989	14	18875
13469	6651	21682	4	6927
113472	94391	104952	52	61731
227742	258879	58715	73	82380
304407	146828	16835	22	26793
70628	32669	138837	101	105001
28034	213307	92293	55	57619
65424	75633	81487	83	89732
258698	102402	7652	0	548
308129	183189	33792	53	57221
310694	177988	11920	11	14733
31910	103277	20687	7	10129
177327	261203	31264	30	35089
91655	83939	35134	7	11611
104542	17225	12045	1	1815
69969	220739	43113	11	14864
62738	127204	53960	55	59354
262192	149783	4439	1	1309
155402	94647	61411	89	92408
155333	302480	63275	82	89272
97144	306494	17129	8	11122
249531	290109	27630	33	39898
284708	15275	18764	16	21507
151822	36019	76512	55	60183
83864	114977	59980	53	61363
212202	183330	9852	9	6862
70740	179417	66962	54	59972
262325	75683	48704	38	42495
297123	89716	43184	22	25747
121481	166443	35979	57	59951
78503	201293	20170	12	15930
48316	153980	34652	7	10078
194263	73543	30959	28	19520
93730	199301	44026	23	28705
214076	63229	47861	72	77333
160568	36434	50662	9	13507
145374	8941	24875	50	49281
30854	230122	28387	30	32816
209759	107870	26639	48	40908
39587	7417	71738	74	79561
278059	28294	149979	31	41692
90992	141387	94586	64	70688
204254	305299	22657	38	43708
297502	9978	24749	35	42397
37544	118646	45211	12	16380
306106	189434	16622	16	20943
258001	305148	72989	81	88029
36376	219585	48912	60	59543
2218	307647	11236	2	3641
4457	63468	47958	75	80275
60504	278065	137476	117	119146
161028	175632	43630	50	53556
94154	157122	42502	23	28940
191371	57239	27158	5	8069
225	116858	81011	65	67845
216648	45148	50753	57	62525
12821	179338	85530	75	81605
148836	38414	90244	55	59504
224078	241010	16060	13	17543
104267	89794	100921	115	118527
120469	221741	14869	4	7102
188188	23271	44739	74	74094
208695	295320	22871	36	43017
37152	55339	43549	13	13917
309912	85844	73945	30	37036
279904	281873	45273	41	48454
127897	211625	42292	60	67916
199936	161777	42931	9	12658
299580	215444	23175	43	49674
174672	284297	21787	31	37875
277312	141225	115219	20	27613
215390	195119	22048	32	32562
14533	160679	55975	63	70497
265049	98376	33318	50	53331
240823	185127	20313	36	42398
282733	178147	19477	17	21973
95670	228258	58735	50	54431
26868	294681	86745	69	64582
35181	188484	48085	38	46597
241683	81880	51753	34	42591
184009	137072	32383	50	53627
133419	304352	39128	53	56835
300353	186463	12405	11	13234
135302	264597	30988	10	14420
33375	174855	59900	35	42933
32298	72358	35081	28	34524
108383	57447	40336	7	10574
117415	224386	43670	72	69032
111123	259100	29923	3	5624
48731	113243	55671	34	43089
107394	232362	14243	13	15962
185143	10164	35248	76	68170
274142	173392	11077	5	5782
131943	105178	112080	119	120324
262354	212674	17778	18	23394
248783	296914	69468	55	61694
36894	217482	70423	74	80123
141755	46335	79807	56	65779
159187	51114	73270	54	55809
146375	176750	29020	56	53388
76376	200817	60857	66	70360
243692	263338	16704	24	28938
281457	157221	40561	37	41310
30954	216587	50297	66	68696
56104	282380	29379	4	6018
254890	189054	115636	79	87802
31521	151211	17868	9	11307
74327	254513	103884	7	10504
204908	215548	2200	0	307
116131	234831	31903	35	41788
116225	125885	95124	45	52760
21533	33125	135235	114	122064
141645	75630	71202	87	86300
106663	147323	42922	52	56014
248805	74342	188549	115	121524
212349	220886	36146	32	39493
168651	198993	25596	19	23609
220761	55614	32412	9	12983
154994	250887	39335	51	54490
234605	286666	20500	28	35281
236952	101548	32994	28	34211
278224	299464	10587	3	4042
51092	226606	37947	14	17993
3709	49849	127447	54	61422
206306	14567	18525	23	25604
217338	245385	18006	3	5072
98755	311116	20679	22	25988
279358	129570	62590	70	74035
75483	56533	102140	55	63353
210665	121200	34607	49	52141
117726	106375	92768	117	101441
93254	288773	67880	72	82877
149194	118215	68857	44	51702
222361	240925	19480	26	31796
149938	26903	86922	55	65425
150602	217915	18572	28	33272
55068	240399	58254	58	63276
278246	5335	61669	46	51440
117854	1235	77056	76	83576
8697	252752	18525	15	20183
223024	120800	17321	4	6709
31940	134430	89450	90	97230
225638	74555	76311	54	59740
24513	209511	15548	3	3794
292736	121477	30028	39	47425
186062	207276	5005	2	2432
107380	93332	34181	6	8209
234609	156970	26149	26	30509
84667	160124	41939	18	22992
90330	161644	66647	21	27382
158306	223783	19094	5	7485
13316	17748	151620	117	125358
162202	200087	21494	16	20505
252747	25154	15540	10	13166
55586	262800	47060	26	33073
62962	194750	41857	54	55843
256008	246179	38067	34	38886
183229	176151	11058	11	11756
222375	61432	90549	49	56059
138139	93804	73677	72	58593
7402	65676	108875	18	23950
50534	15793	26482	4	6134
308564	36156	70213	82	88318
213829	182639	5726	2	2428
35450	92455	78990	9	13820
298077	62862	35324	36	44625
238321	129607	19417	13	16640
40489	160851	63535	71	79503
27220	29125	66924	1	2534
66290	156938	90139	77	86772
54773	124308	58935	59	66128
251501	308377	14743	14	18169
216144	87927	142503	38	47412
151493	16975	15288	16	23080
215060	86600	40853	58	62132
204993	220954	46659	80	83588
104797	183337	97806	63	73022
30750	177594	34056	43	47485
144937	288277	19403	17	18898
288566	172259	37240	39	46023
51863	191064	54318	67	71678
52913	282827	51760	48	47521
114654	197770	24299	34	40578
115999	94709	24521	6	10450
141578	20958	107140	17	24213
17684	211926	53937	63	69257
182095	78541	15345	10	13347
166798	50749	88197	22	29368
189842	246185	25284	25	28385
50931	84705	51244	59	60785
106682	295014	36927	58	63033
6292	268077	23092	11	15740
173598	7076	38451	58	54136
101056	5996	103356	15	21785
116248	277836	35657	53	58048
257368	200488	53985	58	63455
202960	185480	12514	15	18829
215259	144008	23825	37	43327
182951	208055	4107	1	1649
170749	260860	45537	13	19071
182602	218345	9803	3	5182
26759	265710	25592	12	16701
185945	148307	81090	74	84480
235557	145457	6085	2	1687
125636	298666	22015	13	17929
135474	143505	52984	64	71143
227640	232966	11574	9	10904
15569	297301	11998	15	18833
19674	73696	36408	37	41748
271939	186202	52156	95	77615
113574	227741	66446	65	69139
15322	293008	10533	7	9594
133397	68143	76127	38	48326
142575	78804	151665	52	61438
227619	194410	11501	9	11359
143552	269485	24919	11	14919
248208	311915	22985	40	47351
131347	261377	22373	8	11514
193629	107884	22253	20	21094
4689	113700	19244	15	19246
164881	247517	28057	42	47789
260018	98758	21368	31	37506
44307	88267	36802	11	13004
163623	174947	35638	12	13964
140343	119657	40798	7	10822
178446	158398	28998	34	38126
281280	125519	24275	13	16726
310564	196440	15358	15	19141
211864	79173	11586	7	9680
289979	257729	69465	63	71106
191208	282035	15844	6	8375
15436	119806	43925	52	56906
158480	205184	67453	32	38742
4338	171226	12338	1	2473
73716	27276	92904	4	6531
154573	123740	23171	9	11824
83868	68532	25767	4	6153
202337	114929	14592	10	14162
101584	67853	104541	118	120552
260058	192109	56780	82	86842
201243	231022	14449	18	21984
126003	290673	28029	50	52631
