Node1 	Node2 	Distance	 Time	 Settled
141702	293233	30739	24	344
112584	66356	2147483647	1	7
148330	125187	2147483647	2	309
30675	174335	46862	4	318
71929	188450	14095	5	360
28008	185734	2147483647	4	5
69923	14336	2147483647	4	23
143223	280783	35832	8	383
233116	62947	2147483647	3	332
159701	26242	35496	5	400
27113	153912	71028	5	274
87020	293200	27437	5	319
36566	257950	2147483647	0	4
226919	112564	2147483647	3	205
266644	127479	2147483647	3	288
50923	33894	23492	5	314
44314	29242	2147483647	2	287
411	104126	2147483647	3	14
221817	119685	2147483647	3	241
108382	162828	54671	4	256
302491	46046	2147483647	3	291
112773	297673	2147483647	0	6
13089	9728	2147483647	3	12
145369	224639	2147483647	2	241
168001	86555	17795	6	334
24385	52291	36148	7	334
5946	72917	2147483647	4	420
124642	274416	9116	5	237
301476	131234	2147483647	3	350
126488	45570	2147483647	2	250
155939	5031	43117	33	304
140079	176334	64188	5	257
311186	135082	43834	6	258
230460	266826	10998	3	144
57534	66163	2147483647	0	32
283886	107457	2147483647	3	203
82839	1604	49729	7	345
221160	174269	26222	3	317
223093	16077	25204	5	258
60921	294999	2147483647	2	6
281998	120643	32705	7	326
24142	212174	2147483647	3	8
50871	57944	2147483647	3	12
112106	83410	2147483647	2	319
77789	129432	44599	6	336
240314	254757	2147483647	3	192
74759	220340	72304	5	299
50283	3098	2147483647	3	4
165837	113694	2147483647	3	11
58401	222883	34449	3	304
251760	197832	2147483647	3	5
9996	8337	2147483647	3	240
205648	71964	2147483647	3	241
215154	17076	22024	4	272
92431	261029	2147483647	1	7
223869	240294	19415	5	337
306720	184577	2147483647	2	259
94391	298343	2147483647	2	14
232904	92245	58671	5	262
180960	160425	19759	5	282
233865	181880	2147483647	3	283
66043	192772	21124	5	313
37355	220733	63338	5	273
287704	128112	2147483647	3	319
144519	165931	15234	5	272
302897	225006	22000	5	253
64929	14377	2147483647	3	3
260570	259164	39656	5	226
110453	305238	2147483647	3	14
8852	97271	2147483647	4	350
18131	175413	2147483647	1	17
280745	171313	16658	4	251
312234	183029	2147483647	2	2
95084	232359	2147483647	2	12
188546	204495	2147483647	2	4
136255	27180	2147483647	1	3
109027	190891	29673	5	282
262716	13043	2147483647	3	248
145753	186762	20101	3	255
84473	226005	2147483647	3	18
226171	294603	2147483647	3	257
72096	232845	42060	5	295
269153	266225	2147483647	1	10
15704	206715	2147483647	3	266
167109	112534	2147483647	3	361
297021	158486	2147483647	3	245
75385	246318	2147483647	2	14
188521	31228	27877	4	247
199019	87599	27110	5	372
279595	159334	44999	5	333
90301	41820	2147483647	3	293
43396	44941	14247	4	251
249435	137510	2147483647	3	370
234652	282920	16602	4	267
144830	10183	17530	5	280
147136	265250	2147483647	1	6
124873	179845	2147483647	2	252
7114	286458	27487	5	331
90893	133941	2147483647	2	290
300319	311211	17371	5	266
70687	174283	2147483647	1	4
9656	77035	58091	6	288
263014	163731	8216	5	274
227071	168738	2147483647	3	242
129948	214586	36211	5	248
250051	169950	2147483647	3	359
20983	213214	39589	4	313
188557	235539	2147483647	3	7
187720	52281	2147483647	3	246
260468	244610	2147483647	3	326
15070	131817	75598	5	296
57163	278603	69606	4	265
51780	247341	2147483647	2	261
47484	136257	32829	5	247
89037	94159	31996	5	249
115804	55948	2147483647	1	7
270600	89521	2147483647	3	345
204439	28403	2147483647	2	250
11318	17703	64073	5	327
138138	174136	30876	4	405
273062	85371	2147483647	3	355
146932	216393	30552	5	243
137621	19947	2147483647	3	327
198779	115033	36000	5	260
100007	48599	41696	6	323
84070	293454	21008	4	267
57447	142703	2147483647	3	7
48906	77533	70248	5	268
120191	281320	2147483647	2	326
62408	60802	2147483647	1	12
237411	74217	56995	6	220
204989	84116	16059	6	318
160274	191826	2147483647	3	3
35748	202205	2147483647	3	256
167418	300080	2147483647	3	347
239525	104119	30057	5	193
291356	36223	2147483647	3	9
240348	78249	2147483647	0	3
214776	17394	30883	5	278
136491	75124	2147483647	3	343
34612	205321	2147483647	2	20
138560	66715	2147483647	3	379
67057	161585	2147483647	2	15
182140	271542	2147483647	3	4
113317	232528	2147483647	2	215
78776	244123	2147483647	3	2
311660	188571	25587	5	247
116642	20952	2147483647	3	255
140913	113180	2147483647	2	231
91749	159681	2147483647	2	271
55640	213753	2147483647	3	311
162061	242420	35903	5	330
54695	95535	59729	5	383
155329	57577	2147483647	3	351
122636	76794	2147483647	3	245
286826	207654	11240	5	244
18921	249414	2147483647	1	3
92348	32463	2147483647	1	264
110524	169476	2147483647	3	12
245925	90808	53420	5	246
119676	293115	2147483647	2	267
284263	98953	20019	5	289
145932	263176	2147483647	1	2
226986	205205	15969	5	237
259882	113025	36413	5	245
175535	53158	2147483647	2	199
173217	173424	21725	4	194
1301	239415	2147483647	2	3
224997	75528	2147483647	2	211
37259	11897	2147483647	2	10
297117	302999	2147483647	2	267
161532	180432	2147483647	2	368
102286	161614	2147483647	2	319
124674	203968	2147483647	2	247
247498	70483	2147483647	4	255
92208	278254	22804	4	326
88801	151077	2147483647	2	231
158082	3579	39416	5	333
124895	41637	35805	5	241
89140	83600	2147483647	2	251
199494	170650	2147483647	2	296
294311	3534	22673	4	181
257641	311068	2147483647	0	21
64750	175072	2147483647	2	222
242016	24680	2147483647	2	298
171639	194988	41087	5	392
95970	6972	44374	5	253
53563	143584	2147483647	0	8
102372	120585	2147483647	19	17
37327	296244	2147483647	2	20
245038	8509	60115	5	305
18184	42023	34869	5	312
264421	102325	2147483647	2	253
3438	176405	15027	5	300
126934	43215	45422	5	226
218011	15859	2147483647	3	341
302360	227569	33416	5	347
110931	264752	51859	5	264
189097	2549	2147483647	18	250
248632	231999	2147483647	2	19
128878	301401	2147483647	1	76
30238	151421	2147483647	1	4
154573	2081	2147483647	2	331
250004	35151	39065	5	313
42464	13534	2147483647	3	64
237754	267375	2147483647	2	205
184520	274581	11746	28	164
124220	167815	2147483647	3	1
49447	139936	2147483647	2	19
35381	34436	84806	5	287
276217	55363	41416	5	223
108301	262230	42079	5	328
26527	63967	67105	6	364
214133	202592	13802	5	193
110858	308474	38555	5	336
143845	58273	30883	5	229
153895	299866	2147483647	2	340
10454	68166	2147483647	2	254
284204	12330	2147483647	1	180
216055	44913	44765	4	288
240036	192558	26725	5	409
290336	286133	2896	5	198
31643	223294	2147483647	3	8
38491	604	2147483647	3	3
136992	6221	41190	4	260
158290	150287	33712	3	321
292741	284227	5644	5	334
8749	251110	2147483647	1	8
156267	82217	32093	5	378
196383	160360	9471	5	348
96142	181323	21137	5	255
291053	256878	2147483647	3	333
28567	172710	2147483647	2	35
188055	76503	9651	6	258
36234	305481	2147483647	3	14
217422	106048	2147483647	3	291
180972	117039	20027	6	342
151795	263631	12581	5	219
57260	90259	44278	5	237
258619	127110	2147483647	3	313
36380	172389	59935	5	324
187279	45761	2147483647	3	14
208440	259887	66423	6	250
257508	57825	2147483647	1	6
70154	196499	2147483647	3	13
115077	217849	2147483647	3	230
187918	111394	27933	5	238
216454	287691	2147483647	1	3
15919	277675	2147483647	2	331
161075	9705	2147483647	2	3
163977	15474	42831	5	279
32400	238654	2147483647	3	327
83158	130011	2147483647	4	356
173181	78804	2147483647	2	363
239006	55070	2147483647	0	3
221611	272605	2147483647	3	344
309933	311037	2147483647	2	126
21700	135187	53947	5	259
165283	53517	2147483647	24	323
116260	189626	2147483647	2	338
250434	233753	11931	3	256
169065	21584	2147483647	3	343
207317	252488	9371	2	162
37482	149600	55280	6	329
254407	105999	2147483647	3	298
262971	73241	2147483647	2	179
272833	57534	58875	5	208
164797	239393	2147483647	3	6
205338	217519	11486	5	287
12255	55744	52035	5	275
218566	294887	2147483647	3	290
9150	298057	14512	5	226
119743	102239	2147483647	3	3
1394	192020	2147483647	0	9
184958	291902	12001	5	273
79049	17305	2147483647	3	12
306601	256159	2147483647	3	216
300501	67846	2147483647	3	236
218764	151631	28754	6	299
53258	85598	2147483647	2	4
87456	41242	2147483647	3	324
80375	88556	2147483647	2	288
219903	162987	48087	5	376
303237	220112	30771	5	244
56204	189749	2147483647	4	9
287208	101318	2147483647	2	3
8979	12630	2147483647	3	352
213846	187012	12269	5	359
36795	154970	2147483647	2	15
134142	161378	2147483647	3	358
198966	207804	6974	5	258
202263	40404	2147483647	3	2
204422	71223	25795	6	399
198886	274254	2147483647	3	261
124658	285965	2147483647	2	240
225670	153149	16957	6	228
186230	40168	52215	6	246
92600	15118	2147483647	3	35
145248	151993	38914	5	225
302223	236053	2147483647	2	255
50872	243197	2147483647	3	10
289384	55769	38074	5	304
82329	7559	31979	6	247
230423	228747	2147483647	2	221
82673	104207	31547	6	277
53170	165981	2147483647	2	10
288016	29819	48548	5	294
40745	65281	2147483647	1	14
287458	142226	20710	5	185
239375	4126	9962	5	240
220848	131445	44429	6	341
301548	247221	2147483647	1	4
307888	284412	2147483647	3	208
143065	66000	43733	4	244
269483	240684	34735	4	396
286436	224022	19389	5	224
184560	130711	2147483647	2	270
156644	110545	2147483647	0	14
186845	311954	19188	5	248
15062	102727	2147483647	2	246
147836	256467	2147483647	0	8
192617	276318	2147483647	3	312
84459	84053	62436	5	321
213568	279724	36494	5	329
136665	52660	2147483647	2	256
97803	299596	2147483647	3	307
265231	62086	45157	6	322
135069	292657	2147483647	2	273
234066	6374	2147483647	3	208
18036	222123	2147483647	3	306
25108	281780	2147483647	3	350
227930	196624	6488	4	262
211087	116755	2147483647	3	294
200329	17709	55486	5	190
269875	275577	2147483647	2	269
275197	273906	17775	4	193
167411	29543	2147483647	3	355
254439	245438	104989	4	298
258128	97336	82424	3	267
277016	269318	2147483647	3	362
39796	7408	2147483647	3	27
245952	306067	2147483647	3	205
286642	24228	2147483647	3	290
26556	192631	30886	7	323
250603	151715	9129	7	297
212979	127795	31126	5	289
229708	223303	15676	5	277
50759	273795	2147483647	3	4
119623	236470	32509	5	361
242575	8492	43154	5	184
287818	126303	2147483647	1	189
35254	183038	47022	4	336
100106	89957	2147483647	3	21
65292	116358	2147483647	0	11
121872	126941	3387	5	238
23931	153617	2147483647	3	387
55009	274897	2147483647	2	389
189250	37851	2147483647	2	4
58904	158996	2147483647	1	3
92259	175887	62176	4	241
44842	243956	2147483647	2	328
126491	18543	2147483647	3	265
73477	125468	49719	6	312
231227	201946	11505	3	263
247685	159694	2147483647	3	352
87620	260191	2147483647	2	300
250584	207616	14028	5	204
206650	223905	28817	5	253
51649	267410	2147483647	2	304
140728	6329	2147483647	3	330
131646	132854	2147483647	3	362
202738	208624	7501	4	241
280083	83632	2147483647	3	268
54609	157328	2147483647	1	7
8336	156782	73373	5	333
120434	275353	39826	5	304
110111	249416	2147483647	1	8
26973	1354	2147483647	3	10
266591	303831	2147483647	2	243
108899	103553	2147483647	3	331
199754	95280	2147483647	3	15
235653	54352	2147483647	3	272
9910	133272	2147483647	1	187
160834	53929	2147483647	2	258
46536	160766	2147483647	1	15
119944	291057	2147483647	3	304
33633	242247	37397	5	325
114518	187659	39747	5	259
272070	151122	24988	4	283
244740	200860	2147483647	14	327
311001	247568	2147483647	2	193
92041	56264	2147483647	4	6
86204	82856	2147483647	2	264
59895	137763	67854	5	294
135727	10640	33958	3	247
203730	17792	67320	7	296
216036	36521	40452	5	257
222923	163026	31365	5	311
296657	74650	2147483647	3	328
71632	141641	2147483647	0	10
259419	120615	2147483647	2	259
103239	191798	23385	5	318
117494	272938	2147483647	2	285
94501	249292	74866	5	416
305525	62093	53550	6	279
72460	297432	2147483647	2	8
24732	138267	18554	5	346
101405	43578	2147483647	3	7
228969	210466	2147483647	0	4
142014	197880	2147483647	4	15
192141	311277	2147483647	3	321
65774	201705	2147483647	2	4
183134	204436	12889	6	259
12786	235554	2147483647	0	2
301056	160295	2147483647	3	3
11592	117433	68890	5	178
264586	5935	22103	5	234
92214	115349	2147483647	3	22
140031	195033	2147483647	0	2
6439	262372	32418	5	352
130996	141508	51823	4	240
3626	90159	20463	4	215
265392	138723	35997	4	268
156489	203529	43413	5	311
50854	45601	2147483647	0	10
168955	70737	2147483647	0	3
196843	260830	58406	6	275
202893	142260	34553	6	323
69375	138992	2147483647	3	13
24703	49148	2147483647	1	5
252898	62153	44864	5	324
49473	281022	2147483647	3	34
157551	191420	2147483647	3	231
74334	293376	2147483647	2	3
105573	233029	16041	5	243
125362	170819	2147483647	2	234
47517	283158	50820	4	252
303859	213466	17573	5	274
153707	229205	2147483647	1	17
81223	118948	38346	5	260
93317	181118	2147483647	3	21
20666	307208	2147483647	2	319
126640	167062	2147483647	3	40
245906	53762	2147483647	3	254
271403	243104	46749	4	268
156375	47230	2147483647	2	327
304204	129867	22485	5	206
230751	307446	27271	4	218
219316	194111	2147483647	2	331
78835	203177	2147483647	1	3
209410	112160	2147483647	3	308
225175	54045	2147483647	2	335
22654	146812	2147483647	3	246
175911	268283	2147483647	3	290
242178	150078	10373	5	227
242769	52593	54442	4	122
7784	222506	39872	5	330
112430	40958	2147483647	0	10
310855	259809	52684	6	260
99892	218228	2147483647	2	284
184548	255266	27446	6	292
47213	52643	2147483647	0	1
149548	244619	2147483647	3	5
191653	95250	2147483647	2	246
100250	67626	2147483647	3	317
205511	211800	2147483647	2	250
266873	243712	2147483647	3	363
29197	219445	52721	5	367
81338	207043	15232	5	117
277083	81057	2147483647	3	325
100450	262890	2147483647	3	239
160978	302816	63376	5	239
264905	199863	2147483647	2	225
87725	125125	12364	5	203
141322	240436	36403	5	380
40140	172207	2147483647	2	26
294724	167187	2147483647	2	187
103672	166535	2147483647	3	5
280444	119120	2147483647	2	389
63763	51332	2147483647	2	274
67911	10308	2147483647	4	21
51854	141057	66996	5	264
73846	270957	2147483647	1	4
148708	26922	2147483647	3	352
271098	179235	27393	4	249
302605	84293	35615	8	453
17565	113069	37484	6	295
250888	307436	2147483647	3	247
206065	186957	2147483647	3	251
9897	260012	21533	5	269
31197	46175	51710	6	356
264507	57182	58224	5	253
21542	96270	2147483647	2	313
297168	131754	2147483647	2	239
245363	114236	2147483647	3	8
232239	178974	24129	5	238
75591	126102	2147483647	1	62
292394	9189	2147483647	3	271
63258	133796	57821	5	256
20373	175705	56382	5	324
231096	33035	2147483647	1	63
309876	294596	10021	2	167
181734	123483	32825	5	343
197724	49677	2147483647	0	4
114221	161441	2147483647	0	5
302997	173788	19169	7	219
4368	173228	2147483647	2	9
279319	261127	2147483647	1	18
51109	91766	2147483647	2	6
206354	97842	13098	5	259
164364	135750	54865	5	245
51679	13342	2147483647	3	342
112563	307729	2147483647	2	20
45846	127144	37188	5	264
182266	165569	2147483647	4	295
160246	140825	23103	9	286
188385	240680	11042	5	243
112925	22783	2147483647	2	296
289329	298553	16428	6	307
229185	196780	11655	6	251
216746	155946	2147483647	3	358
64899	94392	10227	5	304
3621	217658	2147483647	2	297
210964	70578	2147483647	5	287
170157	242603	36449	4	249
281611	256067	2147483647	3	48
121796	113029	6569	5	236
286280	291893	2147483647	3	262
281487	285655	2147483647	3	22
118445	203024	2147483647	2	263
57868	249335	46214	5	255
209911	41421	26504	5	287
262298	144199	11446	5	347
262831	107712	2147483647	1	5
172312	307813	2147483647	2	249
202894	88952	16520	5	322
269573	22932	2147483647	1	2
289122	235780	3001	5	324
267227	229853	2147483647	2	8
167171	196016	24701	5	277
235413	2927	44303	5	201
190209	145941	2147483647	4	9
289444	66592	2147483647	1	17
213638	56927	2147483647	3	338
52723	94930	2147483647	3	8
159974	217780	30771	5	348
144625	266089	2147483647	3	424
263761	43522	31045	7	247
302981	46247	46165	5	230
86276	154169	2147483647	0	6
69137	217330	2147483647	3	356
126804	277890	2147483647	2	1
135266	162516	2147483647	3	352
308568	279659	2147483647	2	218
158811	18951	2147483647	1	22
97470	102205	2147483647	3	401
68903	251950	2147483647	3	77
254113	294552	62637	4	271
210204	56990	2147483647	2	198
217594	123836	44458	6	352
303026	57736	60636	6	293
42924	295666	2147483647	3	8
52780	171113	2147483647	3	376
108246	57644	2147483647	2	243
248988	243260	2147483647	4	22
229868	122813	12812	5	240
115295	179746	2147483647	2	248
191097	266715	26114	4	258
299123	234886	9671	4	268
54070	77204	72606	5	266
165158	163774	32563	6	287
237108	83330	25429	6	267
177039	311063	20125	5	265
182489	233674	22906	5	286
302904	243821	7082	5	214
218325	178280	21303	4	282
140977	123074	2147483647	3	229
96276	231742	2147483647	2	4
301415	95996	43002	5	260
17249	94424	11032	6	299
28897	54006	2147483647	1	6
157604	197391	22928	5	356
92258	209095	53350	5	237
60095	262184	2147483647	3	8
25100	185256	17701	5	349
230117	35595	51351	5	236
219609	220850	2147483647	2	249
179913	91496	68738	5	278
247918	145411	47890	3	355
95828	87405	2147483647	2	3
306735	26001	2147483647	2	228
274937	252308	6218	5	254
62999	145259	2147483647	2	328
216468	192500	22641	5	283
107214	257168	31516	5	314
164158	29280	2147483647	1	50
44515	9491	2147483647	3	7
264	91897	81151	6	409
151432	53595	2147483647	2	194
260047	33232	2147483647	3	315
126453	98335	2147483647	3	259
151134	61845	26862	5	284
168970	75083	2147483647	2	236
119384	79504	64554	5	350
62848	246316	35153	4	331
268797	39432	60269	5	172
229547	111802	34992	5	191
212852	228701	27086	4	297
5168	235341	2147483647	1	8
121944	27536	2147483647	2	239
252781	310904	12705	5	325
266219	213023	2147483647	0	9
8137	304107	45809	5	330
171729	306056	2147483647	2	2
146579	251487	23674	4	246
261511	150804	2147483647	3	285
135730	243033	29294	4	290
6022	128406	57873	6	336
11504	297902	2147483647	3	276
265244	123619	2147483647	3	307
144440	127900	17960	4	266
60762	116640	2147483647	1	18
295634	103937	23311	7	258
191542	58870	72558	4	253
13961	227623	48563	5	344
297141	12519	77138	5	258
254505	4904	2147483647	0	5
66882	187974	2147483647	3	30
155163	125627	37154	5	223
4191	84254	2147483647	4	266
56386	290442	2147483647	3	311
45055	256035	2147483647	3	265
232159	203265	15580	4	290
22171	218564	30058	5	239
233139	141349	2147483647	3	392
176558	2510	2147483647	1	11
233597	275858	15497	5	230
149698	298755	2147483647	3	292
146064	175701	29105	3	251
122806	6150	2147483647	2	236
310184	231667	27292	6	341
8906	69361	2147483647	0	53
193406	139764	66496	5	265
199667	255534	2147483647	3	244
223168	7410	34644	5	243
246374	198509	2147483647	3	3
256281	263335	2147483647	2	264
264656	40976	2147483647	3	2
301818	126418	17422	6	258
289490	234708	2147483647	2	273
24251	228568	27537	5	348
308067	199980	22259	4	250
117329	285783	35836	7	267
255089	97378	2147483647	3	4
111063	25774	47142	4	314
126491	291909	2147483647	3	265
84810	142930	2147483647	1	3
222154	112445	2147483647	0	7
180769	5177	28557	4	254
270917	93951	46627	7	339
48085	281715	2147483647	2	258
158198	102064	27229	5	333
85382	83867	2147483647	1	4
123422	121285	24803	5	243
306795	289383	7215	5	346
123161	291687	2147483647	2	240
72891	110277	2147483647	0	8
77785	258143	88032	7	329
293448	299905	20526	6	205
260793	202762	62639	5	268
182044	241365	18359	5	341
193388	208155	8490	4	254
201016	117508	85495	6	267
95181	65533	8252	6	399
47605	237043	44889	6	252
177143	26942	98473	6	261
5037	171127	43861	5	348
290935	266843	2147483647	2	199
135369	43331	70267	6	335
78582	226678	24427	4	252
143336	257148	31452	5	245
230410	299797	18262	4	158
68441	58184	2147483647	0	32
272566	52632	2147483647	2	255
267552	179315	2147483647	3	2
18519	40522	2147483647	2	320
189739	69096	2147483647	3	224
229753	27550	2147483647	3	283
41728	186335	2147483647	2	253
52904	136748	48108	4	246
77971	191983	2147483647	3	30
309320	64862	52025	4	235
31215	258611	14903	5	307
252837	138631	28961	5	248
184776	106172	23154	5	244
86892	159277	33747	6	268
107559	89492	94806	5	264
117297	163841	17207	6	261
267324	293160	2147483647	1	8
64901	73113	2147483647	0	4
9694	176173	13902	5	241
131576	60141	2147483647	3	361
180559	30949	44551	5	258
298555	77781	17171	5	231
136310	63141	17596	4	249
123101	263015	2147483647	0	33
286304	187849	2147483647	3	264
285014	118713	2147483647	3	170
7176	229733	35434	5	348
270379	131548	36895	5	303
194840	154475	25641	5	251
199506	150579	9866	5	261
243820	144244	2147483647	3	226
38793	84149	2147483647	3	251
246821	40754	29247	6	215
301483	53928	2147483647	1	7
259335	185648	2147483647	2	243
251886	277020	2147483647	2	10
85152	65896	2147483647	0	7
197821	183799	12057	4	249
252468	71986	2147483647	3	331
195080	53283	2147483647	2	270
224192	246803	12427	4	352
37192	268157	50180	6	323
150163	3721	2147483647	3	353
20850	147874	2147483647	4	25
248308	76473	26309	6	237
274735	140086	65637	4	226
252477	66557	2147483647	3	329
13309	47437	2147483647	2	6
33536	27932	2147483647	1	5
295163	265849	5466	5	309
309233	121882	26359	7	255
43377	181199	50795	5	331
234027	207173	15339	6	203
118183	273674	2147483647	2	281
299549	32665	2147483647	2	257
144213	171344	2147483647	2	242
248333	187119	2147483647	2	243
102521	149646	29387	4	253
39573	211331	2147483647	1	47
135755	65837	2147483647	3	381
144110	279484	2147483647	2	232
10975	63036	29317	5	249
241628	751	2147483647	2	201
26509	145047	41478	6	366
281898	146959	2147483647	2	270
211587	88909	2147483647	3	335
137622	246448	2147483647	3	328
146555	224228	9055	4	261
69796	128568	2147483647	0	43
87618	194787	2147483647	3	2
165570	231940	2147483647	2	248
290653	91653	30564	6	295
151973	234990	28897	5	251
217770	212512	2147483647	2	191
174401	122225	36306	6	275
192614	31799	46312	5	322
230121	166837	12989	3	32
13469	6651	2147483647	4	344
113472	94391	2147483647	3	7
227742	258879	58715	6	263
304407	146828	16835	5	262
70628	32669	2147483647	1	22
28034	213307	2147483647	2	5
65424	75633	2147483647	3	254
258698	102402	7652	5	352
308129	183189	2147483647	2	3
310694	177988	11920	21	340
31910	103277	20687	5	318
177327	261203	31264	6	263
91655	83939	2147483647	3	324
104542	17225	2147483647	2	302
69969	220739	2147483647	2	32
62738	127204	2147483647	3	266
262192	149783	4439	5	310
155402	94647	61411	6	344
155333	302480	63275	6	362
97144	306494	2147483647	3	3
249531	290109	2147483647	3	1
284708	15275	18764	4	183
151822	36019	2147483647	0	2
83864	114977	59980	5	317
212202	183330	9852	4	338
70740	179417	2147483647	3	33
262325	75683	2147483647	2	156
297123	89716	2147483647	2	313
121481	166443	35979	4	280
78503	201293	2147483647	3	1
48316	153980	34652	4	289
194263	73543	30959	6	245
93730	199301	2147483647	1	8
214076	63229	2147483647	0	5
160568	36434	2147483647	2	234
145374	8941	24875	3	243
30854	230122	2147483647	3	7
209759	107870	2147483647	4	22
39587	7417	2147483647	2	325
278059	28294	2147483647	1	7
90992	141387	94586	6	291
204254	305299	22657	4	292
297502	9978	24749	7	328
37544	118646	2147483647	3	328
306106	189434	16622	4	291
258001	305148	72989	4	263
36376	219585	48912	3	325
2218	307647	2147483647	1	14
4457	63468	2147483647	2	3
60504	278065	2147483647	1	17
161028	175632	2147483647	2	3
94154	157122	42502	5	203
191371	57239	2147483647	2	253
225	116858	2147483647	1	31
216648	45148	50753	5	328
12821	179338	85530	5	301
148836	38414	2147483647	2	300
224078	241010	2147483647	2	237
104267	89794	2147483647	3	334
120469	221741	14869	6	324
188188	23271	2147483647	1	5
208695	295320	2147483647	15	237
37152	55339	2147483647	2	253
309912	85844	2147483647	3	232
279904	281873	2147483647	3	308
127897	211625	42292	5	305
199936	161777	2147483647	3	256
299580	215444	23175	5	269
174672	284297	21787	5	246
277312	141225	2147483647	1	7
215390	195119	22048	4	288
14533	160679	2147483647	3	6
265049	98376	2147483647	2	318
240823	185127	2147483647	2	208
282733	178147	19477	5	342
95670	228258	2147483647	2	13
26868	294681	86745	5	263
35181	188484	48085	5	327
241683	81880	51753	4	208
184009	137072	32383	7	260
133419	304352	2147483647	3	346
300353	186463	2147483647	3	279
135302	264597	2147483647	0	3
33375	174855	2147483647	0	43
32298	72358	2147483647	2	321
108383	57447	40336	5	331
117415	224386	2147483647	3	306
111123	259100	29923	4	313
48731	113243	55671	4	272
107394	232362	14243	4	249
185143	10164	35248	6	276
274142	173392	11077	6	288
131943	105178	112080	4	255
262354	212674	2147483647	3	322
248783	296914	2147483647	3	28
36894	217482	2147483647	4	15
141755	46335	2147483647	3	289
159187	51114	2147483647	3	338
146375	176750	2147483647	2	213
76376	200817	60857	4	272
243692	263338	16704	26	234
281457	157221	2147483647	2	222
30954	216587	50297	5	295
56104	282380	2147483647	2	262
254890	189054	2147483647	0	11
31521	151211	17868	4	301
74327	254513	2147483647	4	3
204908	215548	2200	5	262
116131	234831	31903	8	304
116225	125885	2147483647	0	18
21533	33125	2147483647	3	316
141645	75630	71202	5	347
106663	147323	2147483647	3	4
248805	74342	2147483647	0	33
212349	220886	36146	4	110
168651	198993	25596	5	367
220761	55614	2147483647	3	309
154994	250887	2147483647	1	9
234605	286666	2147483647	2	250
236952	101548	2147483647	1	23
278224	299464	10587	6	355
51092	226606	2147483647	2	1
3709	49849	2147483647	3	272
206306	14567	18525	4	327
217338	245385	2147483647	14	351
98755	311116	2147483647	3	2
279358	129570	62590	5	376
75483	56533	2147483647	2	15
210665	121200	2147483647	3	2
117726	106375	92768	5	279
93254	288773	2147483647	3	18
149194	118215	68857	5	330
222361	240925	19480	5	321
149938	26903	86922	6	308
150602	217915	18572	5	237
55068	240399	2147483647	3	354
278246	5335	61669	6	349
117854	1235	2147483647	1	12
8697	252752	18525	5	232
223024	120800	17321	5	341
31940	134430	2147483647	3	341
225638	74555	2147483647	2	288
24513	209511	2147483647	3	348
292736	121477	2147483647	0	4
186062	207276	5005	4	391
107380	93332	34181	5	333
234609	156970	2147483647	3	251
84667	160124	41939	6	356
90330	161644	2147483647	3	292
158306	223783	2147483647	4	9
13316	17748	2147483647	3	8
162202	200087	2147483647	4	322
252747	25154	2147483647	2	201
55586	262800	47060	5	357
62962	194750	2147483647	3	372
256008	246179	2147483647	2	12
183229	176151	11058	4	263
222375	61432	2147483647	2	324
138139	93804	2147483647	4	364
7402	65676	2147483647	1	5
50534	15793	2147483647	3	10
308564	36156	70213	7	255
213829	182639	5726	3	325
35450	92455	2147483647	3	271
298077	62862	2147483647	1	51
238321	129607	19417	5	232
40489	160851	63535	5	233
27220	29125	2147483647	3	5
66290	156938	2147483647	0	19
54773	124308	2147483647	3	380
251501	308377	2147483647	3	208
216144	87927	2147483647	3	284
151493	16975	15288	5	262
215060	86600	40853	4	250
204993	220954	46659	5	263
104797	183337	2147483647	2	10
30750	177594	2147483647	3	301
144937	288277	19403	4	245
288566	172259	37240	4	198
51863	191064	54318	5	248
52913	282827	51760	5	352
114654	197770	2147483647	3	244
115999	94709	24521	5	255
141578	20958	2147483647	3	379
17684	211926	53937	6	293
182095	78541	15345	5	257
166798	50749	2147483647	3	287
189842	246185	25284	5	290
50931	84705	2147483647	4	3
106682	295014	2147483647	2	6
6292	268077	2147483647	3	2
173598	7076	38451	4	231
101056	5996	2147483647	2	314
116248	277836	35657	5	258
257368	200488	53985	3	263
202960	185480	12514	6	254
215259	144008	2147483647	0	4
182951	208055	2147483647	2	250
170749	260860	45537	6	344
182602	218345	9803	6	260
26759	265710	25592	5	345
185945	148307	2147483647	2	169
235557	145457	2147483647	2	263
125636	298666	2147483647	2	324
135474	143505	52984	6	343
227640	232966	2147483647	2	216
15569	297301	2147483647	3	193
19674	73696	2147483647	3	330
271939	186202	52156	3	261
113574	227741	66446	4	256
15322	293008	10533	5	303
133397	68143	2147483647	4	366
142575	78804	2147483647	3	333
227619	194410	2147483647	2	209
143552	269485	2147483647	3	4
248208	311915	2147483647	2	247
131347	261377	22373	4	255
193629	107884	22253	5	236
4689	113700	19244	5	234
164881	247517	2147483647	3	283
260018	98758	21368	5	339
44307	88267	36802	5	258
163623	174947	2147483647	2	13
140343	119657	40798	5	258
178446	158398	28998	5	336
281280	125519	24275	5	320
310564	196440	15358	7	343
211864	79173	11586	4	270
289979	257729	2147483647	1	171
191208	282035	15844	5	321
15436	119806	2147483647	3	321
158480	205184	2147483647	3	7
4338	171226	2147483647	3	337
73716	27276	2147483647	2	274
154573	123740	23171	5	331
83868	68532	2147483647	3	308
202337	114929	14592	5	268
101584	67853	2147483647	3	334
260058	192109	56780	5	302
201243	231022	14449	4	245
126003	290673	28029	4	279
